type,time,latitude,longitude,accuracy (m),altitude (m),geoid_height (m),speed (m/s),bearing (deg),sat_used,sat_inview,name,desc
T,2019-03-08 16:27:20,30.29823422,78.06780277,8,611.000,,6.790,121,20,34,20190308-215720,GPS Logger: 20190308-215720
T,2019-03-08 16:27:21,30.29820763,78.06787511,6,609.000,,7.340,116,20,34,,
T,2019-03-08 16:27:22,30.29818630,78.06794253,8,613.000,,8.450,113,21,35,,
T,2019-03-08 16:27:23,30.29812696,78.06807137,5,605.000,,9.250,113,21,35,,
T,2019-03-08 16:27:24,30.29811661,78.06817236,5,604.000,,9.750,106,21,35,,
T,2019-03-08 16:27:25,30.29809455,78.06828762,5,604.000,,11.650,102,21,35,,
T,2019-03-08 16:27:26,30.29810072,78.06840040,5,603.000,,11.100,94,23,35,,
T,2019-03-08 16:27:27,30.29810818,78.06851100,5,602.000,,11.400,93,23,35,,
T,2019-03-08 16:27:28,30.29810748,78.06863472,5,602.000,,11.720,92,23,35,,
T,2019-03-08 16:27:29,30.29810887,78.06875991,5,601.000,,11.760,93,23,35,,
T,2019-03-08 16:27:30,30.29809292,78.06888697,5,600.000,,11.200,93,24,35,,
T,2019-03-08 16:27:31,30.29807313,78.06899373,5,599.000,,10.300,97,24,35,,
T,2019-03-08 16:27:32,30.29807607,78.06908980,6,598.000,,9.470,90,24,35,,
T,2019-03-08 16:27:33,30.29809104,78.06918538,6,598.000,,9.460,89,24,35,,
T,2019-03-08 16:27:34,30.29808447,78.06929538,9,597.000,,9.640,91,24,35,,
T,2019-03-08 16:27:35,30.29806674,78.06939748,9,597.000,,9.470,95,26,35,,
T,2019-03-08 16:27:36,30.29805416,78.06948259,9,597.000,,8.850,96,25,35,,
T,2019-03-08 16:27:37,30.29806518,78.06954531,8,598.000,,7.520,92,25,35,,
T,2019-03-08 16:27:38,30.29806636,78.06961141,6,598.000,,6.940,94,25,36,,
T,2019-03-08 16:27:39,30.29806069,78.06967340,6,599.000,,6.180,95,25,36,,
T,2019-03-08 16:27:40,30.29803998,78.06975471,6,598.000,,6.410,95,24,36,,
T,2019-03-08 16:27:41,30.29803790,78.06983348,5,598.000,,6.650,88,27,36,,
T,2019-03-08 16:27:42,30.29804116,78.06990472,5,599.000,,5.960,87,27,36,,
T,2019-03-08 16:27:43,30.29803666,78.06996107,5,599.000,,5.340,89,27,36,,
T,2019-03-08 16:27:44,30.29804302,78.07001263,5,601.000,,4.970,80,27,36,,
T,2019-03-08 16:27:45,30.29805032,78.07007319,5,600.000,,5.250,80,27,36,,
T,2019-03-08 16:27:46,30.29805312,78.07014004,5,599.000,,5.850,81,27,36,,
T,2019-03-08 16:27:47,30.29805975,78.07021051,5,600.000,,6.470,81,28,36,,
T,2019-03-08 16:27:48,30.29806325,78.07029903,5,601.000,,7.240,81,27,36,,
T,2019-03-08 16:27:49,30.29808242,78.07037682,5,602.000,,7.770,77,27,36,,
T,2019-03-08 16:27:50,30.29809940,78.07047568,5,603.000,,8.530,78,29,36,,
T,2019-03-08 16:27:51,30.29811824,78.07058697,5,601.000,,9.900,77,29,36,,
T,2019-03-08 16:27:52,30.29813888,78.07068773,5,601.000,,10.150,77,28,35,,
T,2019-03-08 16:27:53,30.29816023,78.07080327,5,602.000,,10.910,79,28,36,,
T,2019-03-08 16:27:54,30.29818424,78.07091874,6,602.000,,11.050,78,28,36,,
T,2019-03-08 16:27:55,30.29821092,78.07104427,6,603.000,,11.520,77,28,36,,
T,2019-03-08 16:27:56,30.29824468,78.07118541,5,603.000,,12.450,78,29,36,,
T,2019-03-08 16:27:57,30.29827984,78.07132539,5,603.000,,13.050,76,29,36,,
T,2019-03-08 16:27:58,30.29831226,78.07147366,5,604.000,,13.240,76,29,36,,
T,2019-03-08 16:27:59,30.29833989,78.07161337,6,604.000,,13.400,77,29,36,,
T,2019-03-08 16:28:00,30.29835767,78.07173150,6,603.000,,12.830,78,28,36,,
T,2019-03-08 16:28:01,30.29838220,78.07185597,8,602.000,,12.490,76,28,36,,
T,2019-03-08 16:28:02,30.29839356,78.07192701,6,602.000,,10.580,79,28,36,,
T,2019-03-08 16:28:03,30.29840957,78.07204607,6,601.000,,11.100,79,28,36,,
T,2019-03-08 16:28:04,30.29843151,78.07216958,6,601.000,,11.420,77,28,36,,
T,2019-03-08 16:28:05,30.29845421,78.07228928,6,601.000,,11.750,75,28,36,,
T,2019-03-08 16:28:06,30.29849558,78.07241813,5,602.000,,12.420,70,28,36,,
T,2019-03-08 16:28:07,30.29853799,78.07253781,5,603.000,,12.520,68,28,36,,
T,2019-03-08 16:28:08,30.29857724,78.07265717,5,602.000,,13.000,66,28,36,,
T,2019-03-08 16:28:09,30.29862322,78.07278293,5,603.000,,13.300,66,27,36,,
T,2019-03-08 16:28:10,30.29867785,78.07291421,5,603.000,,13.550,65,28,36,,
T,2019-03-08 16:28:11,30.29872868,78.07304409,5,603.000,,13.540,65,28,35,,
T,2019-03-08 16:28:12,30.29878016,78.07317457,5,603.000,,13.550,65,27,36,,
T,2019-03-08 16:28:13,30.29883570,78.07330032,5,604.000,,13.780,65,27,36,,
T,2019-03-08 16:28:14,30.29888331,78.07341051,5,605.000,,12.110,63,28,36,,
T,2019-03-08 16:28:15,30.29891732,78.07351035,5,605.000,,10.140,67,28,36,,
T,2019-03-08 16:28:16,30.29894487,78.07357871,5,605.000,,7.930,65,28,36,,
T,2019-03-08 16:28:17,30.29897405,78.07365355,5,605.000,,8.050,65,27,36,,
T,2019-03-08 16:28:18,30.29900575,78.07373277,5,605.000,,8.620,65,26,36,,
T,2019-03-08 16:28:19,30.29904036,78.07381866,5,605.000,,9.120,65,26,36,,
T,2019-03-08 16:28:20,30.29907424,78.07390171,5,606.000,,9.140,65,25,36,,
T,2019-03-08 16:28:21,30.29910232,78.07397440,5,607.000,,8.000,65,24,36,,
T,2019-03-08 16:28:22,30.29911993,78.07402493,5,607.000,,6.330,68,26,35,,
T,2019-03-08 16:28:23,30.29914179,78.07409429,5,607.000,,6.070,68,26,36,,
T,2019-03-08 16:28:24,30.29916914,78.07415256,5,607.000,,6.330,63,26,36,,
T,2019-03-08 16:28:25,30.29919750,78.07421704,5,607.000,,7.020,63,25,36,,
T,2019-03-08 16:28:26,30.29923545,78.07428918,5,606.000,,7.790,64,25,36,,
T,2019-03-08 16:28:27,30.29926726,78.07436357,5,607.000,,7.930,64,25,36,,
T,2019-03-08 16:28:28,30.29930202,78.07443986,5,607.000,,8.140,64,25,36,,
T,2019-03-08 16:28:29,30.29933271,78.07450230,5,606.000,,7.170,61,24,36,,
T,2019-03-08 16:28:30,30.29936899,78.07456672,5,607.000,,7.270,58,24,35,,
T,2019-03-08 16:28:31,30.29940179,78.07463158,5,608.000,,7.240,65,25,35,,
T,2019-03-08 16:28:32,30.29942820,78.07470843,5,608.000,,7.650,68,25,36,,
T,2019-03-08 16:28:33,30.29945792,78.07480265,5,609.000,,8.640,71,24,36,,
T,2019-03-08 16:28:34,30.29948063,78.07489128,5,609.000,,9.100,73,24,36,,
T,2019-03-08 16:28:35,30.29948286,78.07500404,5,609.000,,10.290,83,23,36,,
T,2019-03-08 16:28:36,30.29948925,78.07512249,5,609.000,,11.030,86,24,36,,
T,2019-03-08 16:28:37,30.29949045,78.07525674,5,608.000,,11.930,90,27,36,,
T,2019-03-08 16:28:38,30.29948558,78.07538899,5,607.000,,12.650,93,27,36,,
T,2019-03-08 16:28:39,30.29947519,78.07552642,5,607.000,,13.410,94,27,36,,
T,2019-03-08 16:28:40,30.29946307,78.07567537,5,607.000,,14.070,96,28,36,,
T,2019-03-08 16:28:41,30.29944684,78.07582651,5,607.000,,14.610,96,28,36,,
T,2019-03-08 16:28:42,30.29943737,78.07598210,5,607.000,,14.820,95,28,36,,
T,2019-03-08 16:28:43,30.29942432,78.07613629,5,606.000,,14.670,97,27,36,,
T,2019-03-08 16:28:44,30.29940915,78.07627322,5,606.000,,13.400,98,28,36,,
T,2019-03-08 16:28:45,30.29939134,78.07640048,5,606.000,,11.750,98,28,36,,
T,2019-03-08 16:28:46,30.29937950,78.07651684,5,605.000,,11.490,97,28,36,,
T,2019-03-08 16:28:47,30.29937204,78.07664215,5,605.000,,11.830,97,28,36,,
T,2019-03-08 16:28:48,30.29936275,78.07676813,5,605.000,,12.330,96,28,36,,
T,2019-03-08 16:28:49,30.29935129,78.07690378,5,605.000,,12.980,95,28,36,,
T,2019-03-08 16:28:50,30.29934314,78.07703817,5,605.000,,12.930,95,29,36,,
T,2019-03-08 16:28:51,30.29932759,78.07716937,5,604.000,,12.150,97,29,36,,
T,2019-03-08 16:28:52,30.29930897,78.07728048,5,603.000,,10.840,98,12,19,,
T,2019-03-08 16:28:53,30.29930975,78.07736572,5,604.000,,8.130,100,12,19,,
T,2019-03-08 16:28:54,30.29929733,78.07744884,5,604.000,,8.120,100,12,18,,
T,2019-03-08 16:28:55,30.29927943,78.07751903,5,604.000,,7.470,100,12,18,,
T,2019-03-08 16:28:56,30.29927370,78.07759028,5,603.000,,7.190,95,16,35,,
T,2019-03-08 16:28:57,30.29926544,78.07766632,5,604.000,,8.180,96,13,19,,
T,2019-03-08 16:28:58,30.29925317,78.07775716,5,605.000,,9.190,97,11,19,,
T,2019-03-08 16:28:59,30.29923485,78.07785265,5,606.000,,10.260,96,10,18,,
T,2019-03-08 16:29:00,30.29922296,78.07797874,5,605.000,,11.160,95,13,19,,
T,2019-03-08 16:29:01,30.29921630,78.07809849,5,605.000,,11.640,94,12,18,,
T,2019-03-08 16:29:02,30.29920545,78.07822186,5,605.000,,12.000,95,10,17,,
T,2019-03-08 16:29:03,30.29919936,78.07835010,5,606.000,,12.610,96,16,35,,
T,2019-03-08 16:29:04,30.29917528,78.07847529,5,606.000,,12.180,95,15,21,,
T,2019-03-08 16:29:05,30.29916178,78.07859756,6,607.000,,11.540,96,11,19,,
T,2019-03-08 16:29:06,30.29914891,78.07872329,6,607.000,,11.010,97,14,20,,
T,2019-03-08 16:29:07,30.29913214,78.07883139,6,606.000,,10.890,98,15,35,,
T,2019-03-08 16:29:08,30.29912187,78.07895721,6,607.000,,11.800,98,14,20,,
T,2019-03-08 16:29:09,30.29909543,78.07907916,6,607.000,,11.950,98,14,20,,
T,2019-03-08 16:29:10,30.29908093,78.07919246,6,606.000,,11.250,99,12,18,,
T,2019-03-08 16:29:11,30.29906591,78.07930799,8,606.000,,11.240,99,12,18,,
T,2019-03-08 16:29:12,30.29903658,78.07941562,8,606.000,,10.980,103,12,17,,
T,2019-03-08 16:29:13,30.29900962,78.07954057,6,606.000,,11.710,102,17,34,,
T,2019-03-08 16:29:14,30.29898218,78.07965379,5,607.000,,11.640,105,17,34,,
T,2019-03-08 16:29:15,30.29894955,78.07975703,6,606.000,,11.220,107,17,35,,
T,2019-03-08 16:29:16,30.29891331,78.07984764,6,606.000,,10.390,110,17,35,,
T,2019-03-08 16:29:17,30.29889647,78.07993533,8,605.000,,9.590,107,20,36,,
T,2019-03-08 16:29:18,30.29890472,78.08000784,6,606.000,,8.000,100,23,36,,
T,2019-03-08 16:29:19,30.29891528,78.08008811,6,606.000,,7.370,94,23,36,,
T,2019-03-08 16:29:20,30.29891455,78.08015058,5,607.000,,6.740,87,27,36,,
T,2019-03-08 16:29:21,30.29892029,78.08021034,5,607.000,,6.240,82,26,35,,
T,2019-03-08 16:29:22,30.29893500,78.08027862,5,607.000,,6.320,80,27,36,,
T,2019-03-08 16:29:23,30.29894060,78.08034779,5,607.000,,6.430,80,27,36,,
T,2019-03-08 16:29:24,30.29895058,78.08041456,6,607.000,,6.460,79,27,36,,
T,2019-03-08 16:29:25,30.29899804,78.08052452,6,607.000,,7.960,74,27,36,,
T,2019-03-08 16:29:26,30.29901519,78.08060523,5,608.000,,7.900,75,26,36,,
T,2019-03-08 16:29:27,30.29904256,78.08069406,5,608.000,,8.190,75,26,36,,
T,2019-03-08 16:29:28,30.29906721,78.08080595,5,608.000,,9.190,79,27,36,,
T,2019-03-08 16:29:29,30.29906109,78.08089548,5,607.000,,8.860,83,28,36,,
T,2019-03-08 16:29:30,30.29906720,78.08096165,5,608.000,,8.220,83,28,36,,
T,2019-03-08 16:29:31,30.29907986,78.08104856,5,608.000,,8.010,83,28,36,,
T,2019-03-08 16:29:32,30.29909149,78.08113876,5,608.000,,8.840,81,28,36,,
T,2019-03-08 16:29:33,30.29909553,78.08123560,5,608.000,,9.640,85,28,36,,
T,2019-03-08 16:29:34,30.29910852,78.08134220,5,608.000,,10.230,83,28,35,,
T,2019-03-08 16:29:35,30.29912387,78.08144705,5,607.000,,10.580,80,28,35,,
T,2019-03-08 16:29:36,30.29914819,78.08155366,5,607.000,,10.690,75,28,35,,
T,2019-03-08 16:29:37,30.29918416,78.08165849,5,607.000,,10.690,71,28,35,,
T,2019-03-08 16:29:38,30.29922148,78.08175369,5,607.000,,10.150,67,28,35,,
T,2019-03-08 16:29:39,30.29925742,78.08185675,5,606.000,,10.460,68,28,35,,
T,2019-03-08 16:29:40,30.29929552,78.08195137,5,607.000,,10.260,68,26,35,,
T,2019-03-08 16:29:41,30.29932867,78.08204457,5,606.000,,9.660,68,27,35,,
T,2019-03-08 16:29:42,30.29935763,78.08214183,5,606.000,,9.660,70,26,35,,
T,2019-03-08 16:29:43,30.29937336,78.08222464,5,605.000,,9.340,68,16,19,,
T,2019-03-08 16:29:44,30.29939402,78.08231290,5,605.000,,9.660,67,12,18,,
T,2019-03-08 16:29:45,30.29943514,78.08240731,5,605.000,,10.010,65,12,18,,
T,2019-03-08 16:29:46,30.29947390,78.08250139,5,605.000,,10.010,65,12,18,,
T,2019-03-08 16:29:47,30.29951945,78.08258494,5,601.000,,9.840,64,13,18,,
T,2019-03-08 16:29:48,30.29956242,78.08267679,5,601.000,,9.800,65,11,16,,
T,2019-03-08 16:29:49,30.29958549,78.08277620,5,601.000,,9.750,73,14,18,,
T,2019-03-08 16:29:50,30.29960502,78.08287375,6,601.000,,8.470,80,11,16,,
T,2019-03-08 16:29:51,30.29961880,78.08296397,6,602.000,,7.980,85,12,19,,
T,2019-03-08 16:29:52,30.29961519,78.08305259,6,602.000,,8.040,92,11,16,,
T,2019-03-08 16:29:53,30.29961494,78.08313198,6,601.000,,8.520,94,13,18,,
T,2019-03-08 16:29:54,30.29960660,78.08323626,6,601.000,,9.460,94,14,18,,
T,2019-03-08 16:29:55,30.29960274,78.08333195,6,601.000,,10.060,94,14,18,,
T,2019-03-08 16:29:56,30.29959067,78.08344022,6,600.000,,10.720,95,11,18,,
T,2019-03-08 16:29:57,30.29957114,78.08356476,6,599.000,,11.350,95,10,16,,
T,2019-03-08 16:29:58,30.29956067,78.08368860,6,599.000,,11.950,94,13,18,,
T,2019-03-08 16:29:59,30.29954881,78.08381008,6,600.000,,12.540,94,13,18,,
T,2019-03-08 16:30:00,30.29954029,78.08394632,6,599.000,,13.210,95,11,16,,
T,2019-03-08 16:30:01,30.29953466,78.08408489,6,599.000,,13.730,95,12,19,,
T,2019-03-08 16:30:02,30.29952111,78.08422806,6,598.000,,14.050,96,12,18,,
T,2019-03-08 16:30:03,30.29951173,78.08437289,5,598.000,,14.140,95,14,19,,
T,2019-03-08 16:30:04,30.29949518,78.08451892,6,598.000,,14.650,95,9,14,,
T,2019-03-08 16:30:05,30.29947414,78.08467177,5,599.000,,14.800,98,13,18,,
T,2019-03-08 16:30:06,30.29945708,78.08482848,5,599.000,,14.200,96,9,14,,
T,2019-03-08 16:30:07,30.29944431,78.08497540,6,599.000,,14.200,96,9,14,,
T,2019-03-08 16:30:08,30.29943803,78.08511627,5,599.000,,13.590,94,8,14,,
T,2019-03-08 16:30:09,30.29944261,78.08524072,6,600.000,,12.570,93,12,19,,
T,2019-03-08 16:30:10,30.29946358,78.08537840,6,600.000,,12.410,87,10,16,,
T,2019-03-08 16:30:11,30.29946989,78.08550728,8,600.000,,12.410,87,10,16,,
T,2019-03-08 16:30:12,30.29948671,78.08562112,8,602.000,,12.080,85,12,19,,
T,2019-03-08 16:30:13,30.29950239,78.08574917,8,603.000,,11.930,85,10,17,,
T,2019-03-08 16:30:14,30.29950094,78.08585432,8,602.000,,11.580,85,12,18,,
T,2019-03-08 16:30:15,30.29948636,78.08598719,8,601.000,,11.650,84,12,18,,
T,2019-03-08 16:30:16,30.29949499,78.08611890,8,600.000,,11.710,84,12,17,,
T,2019-03-08 16:30:17,30.29950023,78.08622837,8,598.000,,11.240,85,12,17,,
T,2019-03-08 16:30:18,30.29950935,78.08633658,8,598.000,,10.600,84,13,18,,
T,2019-03-08 16:30:19,30.29951410,78.08643842,8,599.000,,9.970,84,13,18,,
T,2019-03-08 16:30:20,30.29952201,78.08654537,8,605.000,,9.580,84,13,18,,
T,2019-03-08 16:30:21,30.29952520,78.08663514,8,603.000,,9.130,84,13,18,,
T,2019-03-08 16:30:22,30.29953448,78.08672750,8,601.000,,8.360,84,12,18,,
T,2019-03-08 16:30:23,30.29953699,78.08680929,8,600.000,,7.430,82,12,19,,
T,2019-03-08 16:30:24,30.29954686,78.08688578,9,599.000,,7.430,82,12,19,,
T,2019-03-08 16:30:25,30.29956616,78.08695585,8,598.000,,6.890,69,12,17,,
T,2019-03-08 16:30:26,30.29959171,78.08702662,8,598.000,,7.360,64,9,16,,
T,2019-03-08 16:30:27,30.29962160,78.08709703,9,598.000,,7.490,61,11,19,,
T,2019-03-08 16:30:28,30.29966411,78.08717800,9,598.000,,8.810,58,11,19,,
T,2019-03-08 16:30:29,30.29970660,78.08725611,8,597.000,,9.420,58,8,16,,
T,2019-03-08 16:30:30,30.29975206,78.08733886,9,597.000,,9.420,58,8,16,,
T,2019-03-08 16:30:31,30.29979762,78.08742747,8,597.000,,10.460,58,7,18,,
T,2019-03-08 16:30:32,30.29985100,78.08752368,9,597.000,,10.640,59,10,17,,
T,2019-03-08 16:30:33,30.29990767,78.08762506,8,597.000,,10.550,57,10,17,,
T,2019-03-08 16:30:34,30.29995995,78.08771670,9,597.000,,10.550,57,10,17,,
T,2019-03-08 16:30:35,30.29998850,78.08780130,9,598.000,,10.890,63,11,18,,
T,2019-03-08 16:30:36,30.30002928,78.08789552,8,598.000,,10.590,64,11,18,,
T,2019-03-08 16:30:37,30.30007531,78.08798841,8,599.000,,10.590,68,10,16,,
T,2019-03-08 16:30:38,30.30011164,78.08809017,9,604.000,,10.580,68,10,16,,
T,2019-03-08 16:30:39,30.30015068,78.08819745,9,603.000,,11.110,67,10,16,,
T,2019-03-08 16:30:40,30.30019060,78.08832172,9,603.000,,11.480,70,13,33,,
T,2019-03-08 16:30:41,30.30023518,78.08844457,8,602.000,,12.180,71,14,33,,
T,2019-03-08 16:30:42,30.30027035,78.08857111,6,602.000,,12.760,72,15,33,,
T,2019-03-08 16:30:43,30.30030204,78.08869836,6,602.000,,12.800,73,17,33,,
T,2019-03-08 16:30:44,30.30036141,78.08883281,8,602.000,,13.520,68,17,33,,
T,2019-03-08 16:30:45,30.30037960,78.08891003,8,600.000,,11.120,71,17,33,,
T,2019-03-08 16:30:46,30.30041181,78.08911803,8,599.000,,14.520,76,17,33,,
T,2019-03-08 16:30:47,30.30044429,78.08927864,8,598.000,,15.340,78,19,33,,
T,2019-03-08 16:30:48,30.30049123,78.08950200,6,595.000,,15.860,78,19,32,,
T,2019-03-08 16:30:49,30.30052020,78.08965732,6,595.000,,14.940,78,21,33,,
T,2019-03-08 16:30:50,30.30056008,78.08980836,6,596.000,,14.360,76,21,33,,
T,2019-03-08 16:30:51,30.30060136,78.08996583,6,602.000,,14.190,76,21,33,,
T,2019-03-08 16:30:52,30.30063302,78.09011534,6,600.000,,14.590,76,22,33,,
T,2019-03-08 16:30:53,30.30066885,78.09026367,6,598.000,,14.530,76,21,33,,
T,2019-03-08 16:30:54,30.30070428,78.09039619,5,597.000,,13.790,75,21,33,,
T,2019-03-08 16:30:55,30.30073421,78.09051617,5,596.000,,12.560,75,22,32,,
T,2019-03-08 16:30:56,30.30076585,78.09064624,5,594.000,,12.700,74,22,33,,
T,2019-03-08 16:30:57,30.30079730,78.09077072,5,593.000,,12.520,75,23,33,,
T,2019-03-08 16:30:58,30.30082643,78.09088239,6,593.000,,11.990,75,23,33,,
T,2019-03-08 16:30:59,30.30084339,78.09099215,6,593.000,,11.730,76,23,33,,
T,2019-03-08 16:31:00,30.30087275,78.09112253,6,592.000,,12.190,75,23,33,,
T,2019-03-08 16:31:01,30.30090368,78.09125494,6,594.000,,12.650,75,23,33,,
T,2019-03-08 16:31:02,30.30093189,78.09138963,8,593.000,,12.860,76,23,33,,
T,2019-03-08 16:31:03,30.30096139,78.09152783,8,595.000,,13.420,76,24,33,,
T,2019-03-08 16:31:04,30.30099757,78.09166836,8,596.000,,13.860,76,24,32,,
T,2019-03-08 16:31:05,30.30102658,78.09181054,8,595.000,,13.890,75,24,33,,
T,2019-03-08 16:31:06,30.30107382,78.09196923,8,595.000,,14.610,73,24,33,,
T,2019-03-08 16:31:07,30.30110943,78.09210460,8,596.000,,14.230,73,24,33,,
T,2019-03-08 16:31:08,30.30110679,78.09215802,6,595.000,,11.540,74,24,33,,
T,2019-03-08 16:31:09,30.30114976,78.09227118,6,595.000,,11.720,69,24,34,,
T,2019-03-08 16:31:10,30.30115872,78.09232605,5,595.000,,9.290,70,24,34,,
T,2019-03-08 16:31:11,30.30117804,78.09240650,6,595.000,,8.710,71,24,34,,
T,2019-03-08 16:31:12,30.30119255,78.09247170,6,594.000,,7.680,73,24,34,,
T,2019-03-08 16:31:13,30.30119365,78.09253657,5,596.000,,7.290,78,24,34,,
T,2019-03-08 16:31:14,30.30120780,78.09260743,5,596.000,,7.390,79,25,33,,
T,2019-03-08 16:31:15,30.30122126,78.09269059,6,597.000,,7.830,80,25,34,,
T,2019-03-08 16:31:16,30.30123798,78.09278382,6,597.000,,8.530,80,26,34,,
T,2019-03-08 16:31:17,30.30126477,78.09288808,6,598.000,,9.410,78,26,34,,
T,2019-03-08 16:31:18,30.30128690,78.09300360,6,598.000,,10.270,79,25,34,,
T,2019-03-08 16:31:19,30.30131061,78.09312969,8,597.000,,11.250,79,25,35,,
T,2019-03-08 16:31:20,30.30133527,78.09325451,8,597.000,,11.770,78,25,35,,
T,2019-03-08 16:31:21,30.30138933,78.09341847,8,598.000,,11.930,74,15,19,,
T,2019-03-08 16:31:22,30.30139596,78.09349707,6,599.000,,10.100,76,8,15,,
T,2019-03-08 16:31:23,30.30140910,78.09360513,5,597.000,,8.190,82,11,19,,
T,2019-03-08 16:31:24,30.30140880,78.09366799,6,596.000,,7.320,82,13,20,,
T,2019-03-08 16:31:25,30.30141790,78.09374338,6,596.000,,7.320,82,13,20,,
T,2019-03-08 16:31:26,30.30142618,78.09378762,6,597.000,,6.400,81,12,19,,
T,2019-03-08 16:31:27,30.30143488,78.09385345,8,597.000,,6.400,81,12,19,,
T,2019-03-08 16:31:28,30.30149542,78.09389934,6,598.000,,6.770,46,11,17,,
T,2019-03-08 16:31:29,30.30154256,78.09395048,6,599.000,,7.400,42,9,17,,
T,2019-03-08 16:31:30,30.30159192,78.09400228,8,599.000,,7.400,42,9,17,,
T,2019-03-08 16:31:31,30.30164815,78.09405952,8,600.000,,7.950,39,10,19,,
T,2019-03-08 16:31:32,30.30170923,78.09412126,9,598.000,,8.430,40,8,17,,
T,2019-03-08 16:31:33,30.30176746,78.09417762,11,598.000,,8.430,40,8,17,,
T,2019-03-08 16:31:34,30.30184669,78.09425364,8,599.000,,10.020,39,7,16,,
T,2019-03-08 16:31:35,30.30193092,78.09434116,8,600.000,,10.270,39,10,18,,
T,2019-03-08 16:31:36,30.30200387,78.09442422,8,601.000,,10.760,42,11,18,,
T,2019-03-08 16:31:37,30.30208595,78.09449634,8,601.000,,11.030,39,9,16,,
T,2019-03-08 16:31:38,30.30216312,78.09456880,11,601.000,,11.030,39,9,16,,
T,2019-03-08 16:31:39,30.30224629,78.09465447,8,602.000,,12.180,41,10,19,,
T,2019-03-08 16:31:40,30.30232988,78.09473673,8,603.000,,12.180,41,10,19,,
T,2019-03-08 16:31:41,30.30242445,78.09481550,8,604.000,,12.380,40,10,18,,
T,2019-03-08 16:31:42,30.30250760,78.09491361,9,604.000,,12.610,40,11,19,,
T,2019-03-08 16:31:43,30.30260205,78.09500638,9,604.000,,13.290,40,11,18,,
T,2019-03-08 16:31:44,30.30269483,78.09509191,9,603.000,,13.020,40,9,17,,
T,2019-03-08 16:31:45,30.30278516,78.09517841,11,603.000,,13.020,40,9,17,,
T,2019-03-08 16:31:46,30.30286074,78.09521860,11,603.000,,12.050,41,11,19,,
T,2019-03-08 16:31:47,30.30295330,78.09529891,12,601.000,,12.030,41,9,17,,
T,2019-03-08 16:31:48,30.30302935,78.09538481,14,602.000,,11.720,41,10,19,,
T,2019-03-08 16:31:49,30.30312331,78.09548254,17,602.000,,11.970,42,8,17,,
T,2019-03-08 16:31:50,30.30320066,78.09556458,17,602.000,,11.960,42,10,20,,
T,2019-03-08 16:31:51,30.30328136,78.09564710,20,602.000,,11.960,42,10,20,,
T,2019-03-08 16:31:52,30.30335077,78.09572271,18,603.000,,11.450,41,9,18,,
T,2019-03-08 16:31:53,30.30342897,78.09580049,20,603.000,,11.450,41,9,18,,
T,2019-03-08 16:31:54,30.30350719,78.09587316,12,604.000,,11.440,41,10,19,,
T,2019-03-08 16:31:55,30.30358513,78.09595117,14,604.000,,11.440,41,10,19,,
T,2019-03-08 16:31:56,30.30361783,78.09598273,14,604.000,,9.340,39,11,18,,
T,2019-03-08 16:31:57,30.30366872,78.09601016,12,604.000,,7.530,31,11,17,,
T,2019-03-08 16:31:58,30.30372685,78.09605078,14,604.000,,7.530,31,11,17,,
T,2019-03-08 16:31:59,30.30377054,78.09607117,11,605.000,,6.900,32,11,20,,
T,2019-03-08 16:32:00,30.30382366,78.09610862,11,606.000,,6.900,31,11,20,,
T,2019-03-08 16:32:01,30.30386210,78.09614662,11,606.000,,6.750,39,12,19,,
T,2019-03-08 16:32:02,30.30391784,78.09618923,8,608.000,,8.730,43,10,17,,
T,2019-03-08 16:32:03,30.30397742,78.09624563,9,608.000,,8.720,42,9,19,,
T,2019-03-08 16:32:04,30.30402739,78.09630149,9,609.000,,7.890,41,11,19,,
T,2019-03-08 16:32:05,30.30408162,78.09635479,9,609.000,,7.890,41,11,19,,
T,2019-03-08 16:32:06,30.30411179,78.09639322,8,607.000,,6.930,39,12,18,,
T,2019-03-08 16:32:07,30.30418639,78.09647474,8,606.000,,6.640,41,12,19,,
T,2019-03-08 16:32:08,30.30423254,78.09652026,6,606.000,,6.200,42,10,16,,
T,2019-03-08 16:32:09,30.30427641,78.09656092,5,606.000,,5.630,41,11,18,,
T,2019-03-08 16:32:10,30.30430788,78.09660021,5,607.000,,4.900,41,10,18,,
T,2019-03-08 16:32:11,30.30434129,78.09663370,5,607.000,,4.900,41,10,18,,
T,2019-03-08 16:32:12,30.30438642,78.09666859,5,607.000,,4.780,37,13,20,,
T,2019-03-08 16:32:13,30.30442070,78.09669885,6,607.000,,4.780,37,13,20,,
T,2019-03-08 16:32:14,30.30444886,78.09673051,6,606.000,,4.840,37,13,19,,
T,2019-03-08 16:32:15,30.30448380,78.09676054,6,606.000,,4.840,37,13,19,,
T,2019-03-08 16:32:16,30.30452544,78.09681418,6,605.000,,5.730,39,11,17,,
T,2019-03-08 16:32:17,30.30457292,78.09685151,6,606.000,,5.980,39,9,17,,
T,2019-03-08 16:32:18,30.30461483,78.09689064,8,606.000,,5.970,39,9,17,,
T,2019-03-08 16:32:19,30.30466211,78.09692168,8,605.000,,6.150,40,12,20,,
T,2019-03-08 16:32:20,30.30471799,78.09696422,8,605.000,,7.110,36,11,19,,
T,2019-03-08 16:32:21,30.30476972,78.09700785,9,605.000,,7.100,36,11,19,,
T,2019-03-08 16:32:22,30.30487101,78.09711525,11,605.000,,9.440,39,9,18,,
T,2019-03-08 16:32:23,30.30496223,78.09720334,9,604.000,,11.040,39,10,19,,
T,2019-03-08 16:32:24,30.30503933,78.09727607,9,604.000,,11.040,39,10,19,,
T,2019-03-08 16:32:25,30.30512395,78.09737830,9,604.000,,11.140,40,10,19,,
T,2019-03-08 16:32:26,30.30520458,78.09745947,9,605.000,,10.550,41,13,20,,
T,2019-03-08 16:32:27,30.30526539,78.09750179,9,606.000,,9.240,39,8,15,,
T,2019-03-08 16:32:28,30.30532311,78.09755126,11,605.000,,9.350,40,8,19,,
T,2019-03-08 16:32:29,30.30540262,78.09763655,12,605.000,,9.600,41,13,19,,
T,2019-03-08 16:32:30,30.30546754,78.09771155,14,605.000,,9.270,42,13,19,,
T,2019-03-08 16:32:31,30.30550214,78.09774763,14,605.000,,6.800,40,10,16,,
T,2019-03-08 16:32:32,30.30551930,78.09775490,12,605.000,,6.370,41,11,19,,
T,2019-03-08 16:32:33,30.30555484,78.09777811,9,605.000,,4.830,41,9,16,,
T,2019-03-08 16:32:34,30.30557996,78.09781311,8,604.000,,4.120,40,8,17,,
T,2019-03-08 16:32:35,30.30560897,78.09784494,6,603.000,,3.970,42,10,31,,
T,2019-03-08 16:32:36,30.30563807,78.09785476,6,604.000,,4.200,41,16,34,,
T,2019-03-08 16:32:37,30.30564907,78.09788132,5,603.000,,3.880,56,15,19,,
T,2019-03-08 16:32:38,30.30566899,78.09791460,5,603.000,,3.880,55,15,19,,
T,2019-03-08 16:32:39,30.30567917,78.09796433,5,603.000,,4.280,94,11,17,,
T,2019-03-08 16:32:40,30.30567673,78.09800878,6,604.000,,4.280,94,11,17,,
T,2019-03-08 16:32:41,30.30562038,78.09803735,5,603.000,,4.790,134,10,18,,
T,2019-03-08 16:32:42,30.30558091,78.09807223,6,603.000,,5.200,140,10,18,,
T,2019-03-08 16:32:43,30.30552517,78.09808493,5,604.000,,6.620,161,8,16,,
T,2019-03-08 16:32:44,30.30545865,78.09810548,5,604.000,,7.870,170,10,18,,
T,2019-03-08 16:32:45,30.30538871,78.09811946,6,604.000,,7.870,170,10,18,,
T,2019-03-08 16:32:46,30.30531021,78.09813516,5,604.000,,9.300,180,15,20,,
T,2019-03-08 16:32:47,30.30522779,78.09812692,5,604.000,,9.620,181,13,18,,
T,2019-03-08 16:32:48,30.30513625,78.09811964,5,604.000,,9.880,183,12,19,,
T,2019-03-08 16:32:49,30.30504430,78.09812166,5,604.000,,9.960,182,11,18,,
T,2019-03-08 16:32:50,30.30495446,78.09811869,6,603.000,,9.960,182,11,18,,
T,2019-03-08 16:32:51,30.30488444,78.09812324,5,604.000,,8.800,179,15,20,,
T,2019-03-08 16:32:52,30.30481530,78.09812289,5,604.000,,6.940,180,13,18,,
T,2019-03-08 16:32:53,30.30476888,78.09812594,5,605.000,,5.030,179,11,17,,
T,2019-03-08 16:32:54,30.30472397,78.09812198,5,605.000,,4.570,180,12,19,,
T,2019-03-08 16:32:55,30.30468276,78.09812194,5,605.000,,4.560,180,12,19,,
T,2019-03-08 16:32:56,30.30463039,78.09810310,6,604.000,,5.710,184,14,19,,
T,2019-03-08 16:32:57,30.30457752,78.09810248,6,604.000,,6.460,183,11,16,,
T,2019-03-08 16:32:58,30.30452435,78.09810306,6,604.000,,5.110,183,10,18,,
T,2019-03-08 16:32:59,30.30449266,78.09810599,6,604.000,,3.240,178,13,19,,
T,2019-03-08 16:33:00,30.30445738,78.09810577,6,604.000,,3.680,180,10,16,,
T,2019-03-08 16:33:01,30.30441646,78.09810677,6,604.000,,4.580,182,8,17,,
T,2019-03-08 16:33:02,30.30437516,78.09810513,8,604.000,,4.580,182,8,17,,
T,2019-03-08 16:33:03,30.30432338,78.09810584,8,604.000,,6.000,179,11,18,,
T,2019-03-08 16:33:04,30.30426920,78.09810680,9,604.000,,6.000,179,11,18,,
T,2019-03-08 16:33:05,30.30419316,78.09810915,8,602.000,,6.760,174,11,16,,
T,2019-03-08 16:33:06,30.30413985,78.09811455,8,602.000,,6.130,178,12,17,,
T,2019-03-08 16:33:07,30.30408463,78.09811675,9,602.000,,6.120,178,12,17,,
T,2019-03-08 16:33:08,30.30402378,78.09812225,6,602.000,,6.830,183,13,18,,
T,2019-03-08 16:33:09,30.30395502,78.09811018,6,601.000,,7.440,182,9,15,,
T,2019-03-08 16:33:10,30.30387840,78.09811407,5,601.000,,8.830,179,10,18,,
T,2019-03-08 16:33:11,30.30379873,78.09811536,6,601.000,,8.830,179,10,18,,
T,2019-03-08 16:33:12,30.30371649,78.09810685,6,600.000,,8.770,183,10,16,,
T,2019-03-08 16:33:13,30.30364457,78.09811069,6,600.000,,9.130,182,12,19,,
T,2019-03-08 16:33:14,30.30356220,78.09811360,6,600.000,,9.830,181,13,19,,
T,2019-03-08 16:33:15,30.30346417,78.09810763,6,600.000,,10.610,182,11,18,,
T,2019-03-08 16:33:16,30.30336847,78.09810391,8,600.000,,10.610,182,11,18,,
T,2019-03-08 16:33:17,30.30326214,78.09809160,6,601.000,,11.290,182,9,17,,
T,2019-03-08 16:33:18,30.30316164,78.09808663,6,602.000,,11.210,183,13,20,,
T,2019-03-08 16:33:19,30.30306060,78.09808147,8,602.000,,11.210,183,13,20,,
T,2019-03-08 16:33:20,30.30297412,78.09809006,6,602.000,,10.180,183,11,19,,
T,2019-03-08 16:33:21,30.30288130,78.09809491,8,602.000,,9.980,181,10,18,,
T,2019-03-08 16:33:22,30.30279077,78.09808769,8,602.000,,10.050,182,9,16,,
T,2019-03-08 16:33:23,30.30269550,78.09807594,8,605.000,,10.140,180,8,16,,
T,2019-03-08 16:33:24,30.30261006,78.09807676,8,605.000,,10.150,183,10,19,,
T,2019-03-08 16:33:25,30.30251858,78.09807096,9,605.000,,10.150,183,10,19,,
T,2019-03-08 16:33:26,30.30244463,78.09807344,8,605.000,,8.250,185,12,18,,
T,2019-03-08 16:33:27,30.30237648,78.09807657,8,605.000,,7.560,183,13,19,,
T,2019-03-08 16:33:28,30.30231974,78.09808677,8,606.000,,5.960,180,12,17,,
T,2019-03-08 16:33:29,30.30227193,78.09809014,6,605.000,,5.320,181,12,17,,
T,2019-03-08 16:33:30,30.30222392,78.09808924,8,604.000,,5.320,181,8,15,,
T,2019-03-08 16:33:31,30.30217857,78.09809411,6,603.000,,4.750,185,13,20,,
T,2019-03-08 16:33:32,30.30213463,78.09808441,6,603.000,,4.910,185,14,19,,
T,2019-03-08 16:33:33,30.30209042,78.09808006,6,603.000,,4.910,185,14,19,,
T,2019-03-08 16:33:34,30.30204004,78.09807981,6,602.000,,5.960,178,12,18,,
T,2019-03-08 16:33:35,30.30197337,78.09808295,6,603.000,,6.710,182,11,17,,
T,2019-03-08 16:33:36,30.30191046,78.09806946,6,602.000,,7.390,184,11,18,,
T,2019-03-08 16:33:37,30.30182758,78.09806888,8,602.000,,8.220,184,12,19,,
T,2019-03-08 16:33:38,30.30175353,78.09806308,9,602.000,,8.220,184,12,19,,
T,2019-03-08 16:33:39,30.30166291,78.09806069,9,602.000,,9.080,185,11,20,,
T,2019-03-08 16:33:40,30.30156514,78.09804007,9,602.000,,10.030,192,10,17,,
T,2019-03-08 16:33:41,30.30146380,78.09804033,9,601.000,,10.290,188,13,19,,
T,2019-03-08 16:33:42,30.30135649,78.09804914,9,601.000,,11.260,179,13,18,,
T,2019-03-08 16:33:43,30.30123866,78.09804366,9,600.000,,12.430,175,11,16,,
T,2019-03-08 16:33:44,30.30111950,78.09806128,9,600.000,,13.240,174,10,15,,
T,2019-03-08 16:33:45,30.30100065,78.09807572,11,600.000,,13.240,174,10,15,,
T,2019-03-08 16:33:46,30.30087924,78.09809521,9,600.000,,14.410,173,11,16,,
T,2019-03-08 16:33:47,30.30076505,78.09809546,9,600.000,,13.780,172,14,18,,
T,2019-03-08 16:33:48,30.30066271,78.09811776,9,601.000,,11.990,174,11,16,,
T,2019-03-08 16:33:49,30.30055521,78.09813170,11,601.000,,11.990,174,11,16,,
T,2019-03-08 16:33:50,30.30048004,78.09812674,8,600.000,,8.800,171,13,18,,
T,2019-03-08 16:33:51,30.30040641,78.09814664,8,600.000,,8.350,170,15,18,,
T,2019-03-08 16:33:52,30.30033375,78.09816239,8,600.000,,8.450,171,11,14,,
T,2019-03-08 16:33:53,30.30025848,78.09817665,9,600.000,,8.940,173,12,18,,
T,2019-03-08 16:33:54,30.30017366,78.09820194,8,599.000,,9.030,173,15,18,,
T,2019-03-08 16:33:55,30.30010524,78.09823079,8,599.000,,8.040,167,11,14,,
T,2019-03-08 16:33:56,30.30004291,78.09824779,8,599.000,,6.310,170,9,15,,
T,2019-03-08 16:33:57,30.29998493,78.09826561,8,599.000,,6.280,166,12,18,,
T,2019-03-08 16:33:58,30.29993014,78.09827745,9,599.000,,6.470,167,11,17,,
T,2019-03-08 16:33:59,30.29986221,78.09831410,9,600.000,,7.520,169,11,18,,
T,2019-03-08 16:34:00,30.29978977,78.09833296,8,600.000,,8.510,169,11,17,,
T,2019-03-08 16:34:01,30.29971430,78.09834946,9,600.000,,8.510,169,11,17,,
T,2019-03-08 16:34:02,30.29963287,78.09836694,8,600.000,,9.890,170,13,17,,
T,2019-03-08 16:34:03,30.29953783,78.09838566,8,600.000,,10.760,171,12,17,,
T,2019-03-08 16:34:04,30.29943907,78.09841017,8,599.000,,10.810,169,12,16,,
T,2019-03-08 16:34:05,30.29934314,78.09844357,8,599.000,,10.800,169,10,14,,
T,2019-03-08 16:34:06,30.29925353,78.09845990,9,599.000,,10.280,171,11,19,,
T,2019-03-08 16:34:07,30.29917265,78.09849149,9,599.000,,9.590,169,10,17,,
T,2019-03-08 16:34:08,30.29909679,78.09850698,9,598.000,,8.690,175,10,17,,
T,2019-03-08 16:34:09,30.29902787,78.09851695,9,598.000,,8.120,175,11,18,,
T,2019-03-08 16:34:10,30.29897195,78.09851692,9,599.000,,7.790,171,9,16,,
T,2019-03-08 16:34:11,30.29890245,78.09852963,12,599.000,,7.800,171,9,16,,
T,2019-03-08 16:34:12,30.29882585,78.09854270,9,599.000,,8.670,172,13,18,,
T,2019-03-08 16:34:13,30.29875136,78.09854530,9,599.000,,8.510,172,12,15,,
T,2019-03-08 16:34:14,30.29868016,78.09854099,9,599.000,,8.190,172,11,16,,
T,2019-03-08 16:34:15,30.29860746,78.09855261,8,600.000,,8.500,171,13,18,,
T,2019-03-08 16:34:16,30.29853678,78.09857323,8,601.000,,8.700,171,9,14,,
T,2019-03-08 16:34:17,30.29845591,78.09858414,8,601.000,,8.780,171,12,18,,
T,2019-03-08 16:34:18,30.29836963,78.09859772,9,602.000,,8.930,174,12,17,,
T,2019-03-08 16:34:19,30.29828669,78.09861025,9,602.000,,9.450,174,11,16,,
T,2019-03-08 16:34:20,30.29820183,78.09862021,11,603.000,,9.450,174,11,16,,
T,2019-03-08 16:34:21,30.29809203,78.09862518,9,602.000,,9.830,172,14,17,,
T,2019-03-08 16:34:22,30.29800025,78.09863373,9,601.000,,9.820,173,13,16,,
T,2019-03-08 16:34:23,30.29793034,78.09863190,9,599.000,,8.370,174,12,17,,
T,2019-03-08 16:34:24,30.29786936,78.09865871,9,599.000,,7.870,167,12,17,,
T,2019-03-08 16:34:25,30.29780595,78.09866645,9,599.000,,6.080,167,10,16,,
T,2019-03-08 16:34:26,30.29774789,78.09868542,9,599.000,,5.300,168,13,18,,
T,2019-03-08 16:34:27,30.29769554,78.09869959,8,599.000,,4.970,166,12,16,,
T,2019-03-08 16:34:28,30.29764578,78.09872256,8,600.000,,5.110,170,14,18,,
T,2019-03-08 16:34:29,30.29760036,78.09873179,9,599.000,,5.110,170,14,18,,
T,2019-03-08 16:34:30,30.29754237,78.09871838,8,599.000,,6.580,170,11,16,,
T,2019-03-08 16:34:31,30.29748611,78.09873282,8,600.000,,7.710,169,14,18,,
T,2019-03-08 16:34:32,30.29741775,78.09874778,9,600.000,,7.710,169,14,18,,
T,2019-03-08 16:34:33,30.29733216,78.09877302,8,599.000,,7.820,168,12,17,,
T,2019-03-08 16:34:34,30.29726325,78.09879045,11,599.000,,7.820,168,12,17,,
T,2019-03-08 16:34:35,30.29719841,78.09878213,8,599.000,,7.370,174,16,18,,
T,2019-03-08 16:34:36,30.29712590,78.09877777,8,598.000,,8.090,174,12,14,,
T,2019-03-08 16:34:37,30.29705328,78.09878595,11,598.000,,8.090,174,12,14,,
T,2019-03-08 16:34:38,30.29694856,78.09881834,9,599.000,,9.910,169,9,15,,
T,2019-03-08 16:34:39,30.29685010,78.09881768,9,599.000,,11.230,169,9,15,,
T,2019-03-08 16:34:40,30.29674399,78.09884307,9,600.000,,12.090,170,11,15,,
T,2019-03-08 16:34:41,30.29663667,78.09886563,9,600.000,,12.090,170,11,15,,
T,2019-03-08 16:34:42,30.29651069,78.09889989,8,601.000,,13.480,171,13,18,,
T,2019-03-08 16:34:43,30.29638876,78.09892923,8,600.000,,13.450,170,15,18,,
T,2019-03-08 16:34:44,30.29626549,78.09895316,6,600.000,,13.330,168,11,13,,
T,2019-03-08 16:34:45,30.29614800,78.09898924,6,600.000,,13.720,168,11,18,,
T,2019-03-08 16:34:46,30.29602708,78.09901963,9,600.000,,13.720,168,11,18,,
T,2019-03-08 16:34:47,30.29588733,78.09907402,8,599.000,,14.820,167,9,14,,
T,2019-03-08 16:34:48,30.29574766,78.09911617,6,598.000,,15.120,168,11,18,,
T,2019-03-08 16:34:49,30.29561412,78.09914850,8,598.000,,15.120,168,11,18,,
T,2019-03-08 16:34:50,30.29548294,78.09919768,6,599.000,,14.930,168,10,17,,
T,2019-03-08 16:34:51,30.29535705,78.09923370,8,599.000,,13.840,166,11,17,,
T,2019-03-08 16:34:52,30.29524776,78.09925702,8,599.000,,13.310,168,10,17,,
T,2019-03-08 16:34:53,30.29513558,78.09928430,9,600.000,,13.850,169,12,18,,
T,2019-03-08 16:34:54,30.29500686,78.09931537,9,599.000,,14.690,168,11,17,,
T,2019-03-08 16:34:55,30.29487723,78.09934730,11,599.000,,14.690,168,11,17,,
T,2019-03-08 16:34:56,30.29473983,78.09935942,11,598.000,,15.620,167,11,15,,
T,2019-03-08 16:34:57,30.29460151,78.09939575,11,598.000,,15.690,168,11,16,,
T,2019-03-08 16:34:58,30.29446167,78.09943185,11,598.000,,15.150,167,12,17,,
T,2019-03-08 16:34:59,30.29434733,78.09946714,11,598.000,,13.740,167,11,17,,
T,2019-03-08 16:35:00,30.29424321,78.09950912,11,598.000,,11.740,162,9,16,,
T,2019-03-08 16:35:01,30.29414258,78.09954719,12,598.000,,11.740,162,9,16,,
T,2019-03-08 16:35:02,30.29407569,78.09960891,8,596.000,,10.590,146,11,16,,
T,2019-03-08 16:35:03,30.29399056,78.09966213,8,595.000,,10.910,145,11,17,,
T,2019-03-08 16:35:04,30.29391027,78.09972781,9,596.000,,10.910,145,11,17,,
T,2019-03-08 16:35:05,30.29382958,78.09982562,9,597.000,,11.660,140,10,16,,
T,2019-03-08 16:35:06,30.29375448,78.09990456,9,597.000,,11.520,140,10,16,,
T,2019-03-08 16:35:07,30.29367085,78.09999304,9,597.000,,12.010,140,12,18,,
T,2019-03-08 16:35:08,30.29359060,78.10007675,9,598.000,,11.900,141,12,18,,
T,2019-03-08 16:35:09,30.29352078,78.10015479,8,599.000,,11.190,141,12,18,,
T,2019-03-08 16:35:10,30.29344101,78.10021343,8,600.000,,10.430,142,12,18,,
T,2019-03-08 16:35:11,30.29337370,78.10028293,8,601.000,,9.720,141,10,16,,
T,2019-03-08 16:35:12,30.29330355,78.10035027,8,600.000,,9.240,142,11,18,,
T,2019-03-08 16:35:13,30.29324453,78.10040331,9,601.000,,8.230,144,13,17,,
T,2019-03-08 16:35:14,30.29321380,78.10043696,8,600.000,,6.220,142,12,16,,
T,2019-03-08 16:35:15,30.29318267,78.10048158,8,601.000,,5.520,141,12,17,,
T,2019-03-08 16:35:16,30.29315060,78.10052107,8,601.000,,5.590,140,11,17,,
T,2019-03-08 16:35:17,30.29311222,78.10055885,9,601.000,,5.590,140,11,17,,
T,2019-03-08 16:35:18,30.29309731,78.10059609,6,602.000,,6.250,138,14,19,,
T,2019-03-08 16:35:19,30.29306285,78.10063527,6,603.000,,6.260,138,11,15,,
T,2019-03-08 16:35:20,30.29301834,78.10070003,6,603.000,,7.170,133,11,16,,
T,2019-03-08 16:35:21,30.29297434,78.10075463,9,604.000,,7.170,133,11,16,,
T,2019-03-08 16:35:22,30.29284561,78.10082881,8,605.000,,10.370,141,11,17,,
T,2019-03-08 16:35:23,30.29276178,78.10090610,6,605.000,,11.300,142,12,19,,
T,2019-03-08 16:35:24,30.29268036,78.10098092,6,605.000,,11.640,142,8,15,,
T,2019-03-08 16:35:25,30.29259780,78.10105571,6,605.000,,11.640,142,8,15,,
T,2019-03-08 16:35:26,30.29249730,78.10114819,5,607.000,,13.340,142,12,16,,
T,2019-03-08 16:35:27,30.29241359,78.10124099,5,607.000,,13.700,140,12,17,,
T,2019-03-08 16:35:28,30.29230614,78.10132330,5,606.000,,13.040,143,9,15,,
T,2019-03-08 16:35:29,30.29221219,78.10140483,5,606.000,,13.030,143,9,15,,
T,2019-03-08 16:35:30,30.29211802,78.10147613,5,605.000,,11.990,143,9,16,,
T,2019-03-08 16:35:31,30.29203117,78.10155054,5,605.000,,11.990,143,9,16,,
T,2019-03-08 16:35:32,30.29195415,78.10160906,5,603.000,,9.520,139,8,16,,
T,2019-03-08 16:35:33,30.29190408,78.10164620,5,603.000,,7.920,140,10,17,,
T,2019-03-08 16:35:34,30.29184355,78.10170223,5,604.000,,6.810,142,11,18,,
T,2019-03-08 16:35:35,30.29179870,78.10173320,5,603.000,,6.110,141,11,18,,
T,2019-03-08 16:35:36,30.29175606,78.10178104,5,603.000,,5.360,138,12,19,,
T,2019-03-08 16:35:37,30.29171978,78.10182514,6,603.000,,5.090,140,11,18,,
T,2019-03-08 16:35:38,30.29168450,78.10185899,8,603.000,,5.090,140,11,18,,
T,2019-03-08 16:35:39,30.29164500,78.10187896,6,600.000,,4.380,146,11,18,,
T,2019-03-08 16:35:40,30.29161829,78.10190045,6,600.000,,4.590,142,11,17,,
T,2019-03-08 16:35:41,30.29158376,78.10191849,6,600.000,,4.570,148,11,18,,
T,2019-03-08 16:35:42,30.29154871,78.10194360,8,600.000,,4.570,148,11,18,,
T,2019-03-08 16:35:43,30.29150119,78.10200173,8,601.000,,5.890,143,11,17,,
T,2019-03-08 16:35:44,30.29146710,78.10203448,9,600.000,,5.790,142,11,19,,
T,2019-03-08 16:35:45,30.29142661,78.10207219,9,604.000,,5.770,142,11,19,,
T,2019-03-08 16:35:46,30.29135461,78.10213905,8,604.000,,6.730,142,11,19,,
T,2019-03-08 16:35:47,30.29130879,78.10220751,8,602.000,,7.640,142,14,18,,
T,2019-03-08 16:35:48,30.29125720,78.10225362,8,600.000,,8.090,142,10,14,,
T,2019-03-08 16:35:49,30.29119587,78.10230975,8,598.000,,8.540,142,10,19,,
T,2019-03-08 16:35:50,30.29114666,78.10239553,8,597.000,,9.210,142,13,19,,
T,2019-03-08 16:35:51,30.29108508,78.10244725,8,596.000,,9.360,140,12,17,,
T,2019-03-08 16:35:52,30.29102136,78.10250904,8,595.000,,9.570,141,11,16,,
T,2019-03-08 16:35:53,30.29094728,78.10257482,8,596.000,,9.150,141,9,17,,
T,2019-03-08 16:35:54,30.29089236,78.10262434,8,595.000,,8.100,143,9,19,,
T,2019-03-08 16:35:55,30.29083652,78.10265850,8,595.000,,6.320,144,11,18,,
T,2019-03-08 16:35:56,30.29079715,78.10270194,8,594.000,,4.800,143,12,18,,
T,2019-03-08 16:35:57,30.29076973,78.10272236,8,594.000,,3.720,136,15,19,,
T,2019-03-08 16:35:58,30.29074547,78.10274590,9,595.000,,3.590,137,12,16,,
T,2019-03-08 16:35:59,30.29072650,78.10276635,9,595.000,,3.480,137,13,17,,
T,2019-03-08 16:36:00,30.29070935,78.10278429,6,596.000,,3.290,135,15,33,,
T,2019-03-08 16:36:01,30.29068162,78.10280665,6,597.000,,3.840,140,16,33,,
T,2019-03-08 16:36:02,30.29064945,78.10283670,6,597.000,,4.770,144,15,33,,
T,2019-03-08 16:36:03,30.29060966,78.10286488,5,597.000,,5.390,143,16,33,,
T,2019-03-08 16:36:04,30.29056917,78.10289886,5,598.000,,4.820,145,22,33,,
T,2019-03-08 16:36:05,30.29055236,78.10292692,5,599.000,,4.180,128,23,33,,
T,2019-03-08 16:36:06,30.29055333,78.10295959,5,600.000,,3.410,107,24,33,,
T,2019-03-08 16:36:07,30.29055157,78.10297180,5,601.000,,2.310,94,25,34,,
T,2019-03-08 16:36:08,30.29056218,78.10299025,5,601.000,,2.030,66,26,34,,
T,2019-03-08 16:36:09,30.29057465,78.10299827,5,602.000,,1.090,53,26,34,,
T,2019-03-08 16:36:10,30.29058328,78.10300444,5,602.000,,0.990,52,25,34,,
T,2019-03-08 16:36:11,30.29059161,78.10300593,5,602.000,,0.990,52,25,35,,
T,2019-03-08 16:36:12,30.29060806,78.10302103,5,602.000,,2.150,41,27,35,,
T,2019-03-08 16:36:13,30.29063015,78.10304665,5,602.000,,2.770,48,27,35,,
T,2019-03-08 16:36:14,30.29064762,78.10307664,5,603.000,,3.540,58,26,35,,
T,2019-03-08 16:36:15,30.29066468,78.10312276,5,603.000,,4.480,66,27,35,,
T,2019-03-08 16:36:16,30.29069796,78.10317458,5,603.000,,5.100,50,15,20,,
T,2019-03-08 16:36:17,30.29073528,78.10322680,5,603.000,,6.100,54,12,19,,
T,2019-03-08 16:36:18,30.29077417,78.10328214,5,603.000,,6.740,54,9,17,,
T,2019-03-08 16:36:19,30.29080416,78.10334500,5,602.000,,6.500,53,12,19,,
T,2019-03-08 16:36:20,30.29083652,78.10340203,5,602.000,,5.720,55,11,14,,
T,2019-03-08 16:36:21,30.29086637,78.10345059,8,601.000,,5.720,55,11,14,,
T,2019-03-08 16:36:22,30.29088360,78.10347114,6,601.000,,3.880,43,8,15,,
T,2019-03-08 16:36:23,30.29090942,78.10349840,8,599.000,,3.880,43,8,15,,
T,2019-03-08 16:36:24,30.29095242,78.10346092,6,600.000,,4.100,347,14,19,,
T,2019-03-08 16:36:25,30.29099029,78.10342798,6,600.000,,4.930,330,11,16,,
T,2019-03-08 16:36:26,30.29104154,78.10339887,6,600.000,,5.550,323,11,18,,
T,2019-03-08 16:36:27,30.29108403,78.10336036,6,601.000,,6.310,321,11,19,,
T,2019-03-08 16:36:28,30.29112529,78.10332087,6,601.000,,6.890,320,12,20,,
T,2019-03-08 16:36:29,30.29117308,78.10327502,8,600.000,,6.890,320,12,20,,
T,2019-03-08 16:36:30,30.29123639,78.10321674,6,601.000,,7.880,322,11,18,,
T,2019-03-08 16:36:31,30.29129472,78.10316893,6,600.000,,8.450,323,10,17,,
T,2019-03-08 16:36:32,30.29135543,78.10311575,8,600.000,,8.450,323,10,17,,
T,2019-03-08 16:36:33,30.29141547,78.10306096,8,601.000,,8.170,321,11,19,,
T,2019-03-08 16:36:34,30.29146266,78.10302264,8,600.000,,7.200,320,12,20,,
T,2019-03-08 16:36:35,30.29151781,78.10298183,8,600.000,,6.170,321,11,18,,
T,2019-03-08 16:36:36,30.29154413,78.10295175,8,600.000,,5.440,323,12,19,,
T,2019-03-08 16:36:37,30.29158700,78.10291043,6,601.000,,4.660,337,12,19,,
T,2019-03-08 16:36:38,30.29162550,78.10289456,8,601.000,,3.520,350,11,17,,
T,2019-03-08 16:36:39,30.29166614,78.10291525,8,602.000,,4.090,36,15,20,,
T,2019-03-08 16:36:40,30.29170198,78.10294445,8,601.000,,4.640,50,10,15,,
T,2019-03-08 16:36:41,30.29173152,78.10298874,8,600.000,,5.150,52,14,20,,
T,2019-03-08 16:36:42,30.29175080,78.10302678,8,600.000,,5.660,46,13,17,,
T,2019-03-08 16:36:43,30.29178646,78.10306893,9,600.000,,5.660,46,13,17,,
T,2019-03-08 16:36:44,30.29182073,78.10312341,8,605.000,,6.190,54,17,20,,
T,2019-03-08 16:36:45,30.29185906,78.10318710,8,605.000,,6.370,55,17,20,,
T,2019-03-08 16:36:46,30.29189443,78.10325190,9,604.000,,6.570,52,15,20,,
T,2019-03-08 16:36:47,30.29192894,78.10329926,9,604.000,,5.720,52,12,17,,
T,2019-03-08 16:36:48,30.29194975,78.10332964,8,603.000,,4.410,53,14,19,,
T,2019-03-08 16:36:49,30.29194768,78.10335927,8,601.000,,3.780,51,11,16,,
T,2019-03-08 16:36:50,30.29197258,78.10339141,9,600.000,,3.870,47,10,15,,
T,2019-03-08 16:36:51,30.29199633,78.10342091,12,600.000,,3.870,47,10,15,,
T,2019-03-08 16:36:52,30.29203392,78.10340549,9,599.000,,3.420,360,12,18,,
T,2019-03-08 16:36:53,30.29205821,78.10340678,9,599.000,,3.090,3,15,19,,
T,2019-03-08 16:36:54,30.29208235,78.10341277,9,599.000,,2.670,16,14,18,,
T,2019-03-08 16:36:55,30.29211285,78.10343879,9,599.000,,3.940,41,12,16,,
T,2019-03-08 16:36:56,30.29213954,78.10346599,12,600.000,,3.940,41,12,16,,
T,2019-03-08 16:36:57,30.29216651,78.10351685,11,600.000,,5.070,53,11,15,,
T,2019-03-08 16:36:58,30.29221011,78.10357309,9,600.000,,5.650,51,10,16,,
T,2019-03-08 16:36:59,30.29224205,78.10361897,11,600.000,,5.650,51,10,16,,
T,2019-03-08 16:37:00,30.29227217,78.10366946,8,599.000,,6.290,51,11,16,,
T,2019-03-08 16:37:01,30.29231344,78.10372446,8,598.000,,6.100,52,12,17,,
T,2019-03-08 16:37:02,30.29233464,78.10377163,8,597.000,,5.550,55,11,17,,
T,2019-03-08 16:37:03,30.29236319,78.10381910,11,597.000,,5.550,55,11,17,,
T,2019-03-08 16:37:04,30.29237013,78.10385999,11,597.000,,4.140,64,12,18,,
T,2019-03-08 16:37:05,30.29239968,78.10389544,11,598.000,,3.770,58,10,15,,
T,2019-03-08 16:37:06,30.29241801,78.10392853,14,597.000,,3.770,58,10,15,,
T,2019-03-08 16:37:07,30.29244501,78.10394020,9,597.000,,2.790,52,9,18,,
T,2019-03-08 16:37:08,30.29245016,78.10395750,9,597.000,,2.140,51,7,15,,
T,2019-03-08 16:37:09,30.29246250,78.10397468,9,597.000,,2.140,51,7,15,,
T,2019-03-08 16:37:10,30.29246940,78.10398810,9,597.000,,1.850,53,9,31,,
T,2019-03-08 16:37:11,30.29246937,78.10398394,12,597.000,,0.000,,11,32,,
T,2019-03-08 16:37:12,30.29247055,78.10398198,14,597.000,,0.000,,11,32,,
T,2019-03-08 16:37:13,30.29247098,78.10397867,12,597.000,,0.000,,12,34,,
T,2019-03-08 16:37:14,30.29247286,78.10397488,11,597.000,,0.000,,17,34,,
T,2019-03-08 16:37:15,30.29247462,78.10397155,11,598.000,,0.000,,18,34,,
T,2019-03-08 16:37:16,30.29247450,78.10396826,11,598.000,,0.000,,20,34,,
T,2019-03-08 16:37:17,30.29247461,78.10396985,9,598.000,,0.000,,20,35,,
T,2019-03-08 16:37:18,30.29247561,78.10396861,8,598.000,,0.000,,20,35,,
T,2019-03-08 16:37:19,30.29247479,78.10396615,8,598.000,,0.000,,21,35,,
T,2019-03-08 16:37:20,30.29247373,78.10396459,6,598.000,,0.000,,21,35,,
T,2019-03-08 16:37:21,30.29247241,78.10396279,6,598.000,,0.000,,21,35,,
