type,time,latitude,longitude,accuracy (m),altitude (m),geoid_height (m),speed (m/s),bearing (deg),sat_used,sat_inview,name,desc
T,2019-04-05 03:02:30,30.29864329,78.09849045,5,610.000,,7.100,351,15,31,20190405-083230,GPS Logger: 20190405-083230
T,2019-04-05 03:02:31,30.29870506,78.09848148,5,610.000,,7.620,352,16,31,,
T,2019-04-05 03:02:32,30.29876578,78.09848220,6,606.000,,7.410,354,16,31,,
T,2019-04-05 03:02:33,30.29883814,78.09845519,6,605.000,,7.530,351,16,31,,
T,2019-04-05 03:02:34,30.29890976,78.09842198,5,605.000,,7.450,347,16,31,,
T,2019-04-05 03:02:35,30.29896876,78.09839071,6,606.000,,7.460,344,16,31,,
T,2019-04-05 03:02:36,30.29904288,78.09836321,6,605.000,,7.820,346,16,31,,
T,2019-04-05 03:02:37,30.29912606,78.09835576,5,605.000,,8.200,348,16,31,,
T,2019-04-05 03:02:38,30.29921982,78.09836898,5,610.000,,7.950,350,16,31,,
T,2019-04-05 03:02:39,30.29932337,78.09835390,6,615.000,,8.260,350,17,31,,
T,2019-04-05 03:02:40,30.29937556,78.09836961,6,615.000,,6.560,356,17,31,,
T,2019-04-05 03:02:41,30.29942360,78.09835509,6,612.000,,6.710,355,17,31,,
T,2019-04-05 03:02:42,30.29948074,78.09836678,8,613.000,,6.740,355,17,31,,
T,2019-04-05 03:02:43,30.29954901,78.09834809,6,612.000,,7.300,353,20,31,,
T,2019-04-05 03:02:44,30.29962070,78.09834279,8,611.000,,7.470,354,20,32,,
T,2019-04-05 03:02:45,30.29968617,78.09831542,8,612.000,,7.650,352,21,32,,
T,2019-04-05 03:02:46,30.29974141,78.09829094,8,609.000,,7.020,350,21,32,,
T,2019-04-05 03:02:47,30.29978300,78.09827511,8,607.000,,6.850,350,21,32,,
T,2019-04-05 03:02:48,30.29986090,78.09826147,8,607.000,,7.840,358,21,32,,
T,2019-04-05 03:02:49,30.29994762,78.09827204,8,607.000,,7.970,357,21,32,,
T,2019-04-05 03:02:50,30.29998297,78.09828595,8,606.000,,5.510,2,21,32,,
T,2019-04-05 03:02:51,30.30002124,78.09828767,8,606.000,,5.010,1,21,32,,
T,2019-04-05 03:02:52,30.30005740,78.09826876,8,606.000,,4.210,355,21,32,,
T,2019-04-05 03:02:53,30.30007852,78.09828032,9,606.000,,3.310,358,23,32,,
T,2019-04-05 03:02:54,30.30008714,78.09826862,8,606.000,,2.310,353,23,32,,
T,2019-04-05 03:02:55,30.30010719,78.09824268,8,606.000,,2.680,348,24,33,,
T,2019-04-05 03:02:56,30.30013459,78.09823373,6,607.000,,3.140,347,24,33,,
T,2019-04-05 03:02:57,30.30017185,78.09822378,6,608.000,,3.900,348,24,33,,
T,2019-04-05 03:02:58,30.30020880,78.09821170,8,608.000,,3.920,346,24,33,,
T,2019-04-05 03:02:59,30.30024498,78.09818549,8,608.000,,4.070,341,25,33,,
T,2019-04-05 03:03:00,30.30028387,78.09817240,9,608.000,,4.230,341,25,33,,
T,2019-04-05 03:03:01,30.30032920,78.09815936,11,608.000,,4.600,345,25,33,,
T,2019-04-05 03:03:02,30.30040790,78.09812851,9,608.000,,6.210,346,25,33,,
T,2019-04-05 03:03:03,30.30048180,78.09809283,9,608.000,,6.580,345,25,33,,
T,2019-04-05 03:03:04,30.30055179,78.09808935,8,608.000,,7.050,346,25,33,,
T,2019-04-05 03:03:05,30.30061090,78.09808034,9,608.000,,6.930,349,25,33,,
T,2019-04-05 03:03:06,30.30067495,78.09807053,11,608.000,,7.470,350,25,33,,
T,2019-04-05 03:03:07,30.30075011,78.09806259,12,609.000,,7.620,351,25,33,,
T,2019-04-05 03:03:08,30.30081464,78.09799689,12,610.000,,7.850,342,25,33,,
T,2019-04-05 03:03:09,30.30088175,78.09802912,9,611.000,,8.810,352,26,34,,
T,2019-04-05 03:03:10,30.30099325,78.09804427,6,614.000,,8.620,350,26,34,,
T,2019-04-05 03:03:11,30.30106960,78.09802410,6,613.000,,8.240,353,26,34,,
T,2019-04-05 03:03:12,30.30115801,78.09802067,5,613.000,,8.190,351,26,34,,
T,2019-04-05 03:03:13,30.30122992,78.09801492,5,613.000,,8.000,349,26,34,,
T,2019-04-05 03:03:14,30.30129890,78.09801267,5,613.000,,8.130,353,26,34,,
T,2019-04-05 03:03:15,30.30136809,78.09798512,5,613.000,,8.380,352,27,34,,
T,2019-04-05 03:03:16,30.30143984,78.09797319,6,615.000,,7.760,354,27,34,,
T,2019-04-05 03:03:17,30.30151539,78.09796348,6,616.000,,7.630,357,27,34,,
T,2019-04-05 03:03:18,30.30158589,78.09795961,9,616.000,,7.480,357,27,34,,
T,2019-04-05 03:03:19,30.30163535,78.09796697,8,614.000,,6.830,358,27,34,,
T,2019-04-05 03:03:20,30.30171302,78.09797814,8,614.000,,6.780,1,27,34,,
T,2019-04-05 03:03:21,30.30178288,78.09798793,6,615.000,,6.410,2,27,34,,
T,2019-04-05 03:03:22,30.30183148,78.09797079,6,615.000,,6.490,357,27,34,,
T,2019-04-05 03:03:23,30.30190271,78.09797701,5,616.000,,6.340,357,27,34,,
T,2019-04-05 03:03:24,30.30195633,78.09798447,14,616.000,,6.640,359,27,34,,
T,2019-04-05 03:03:25,30.30202373,78.09798345,14,618.000,,6.810,4,26,33,,
T,2019-04-05 03:03:26,30.30208209,78.09798718,14,619.000,,6.550,4,26,33,,
T,2019-04-05 03:03:27,30.30212515,78.09799578,14,617.000,,6.390,5,25,34,,
T,2019-04-05 03:03:28,30.30217779,78.09801047,14,617.000,,5.970,7,26,34,,
T,2019-04-05 03:03:29,30.30222546,78.09801302,14,618.000,,5.730,2,26,34,,
T,2019-04-05 03:03:30,30.30226844,78.09801797,14,616.000,,5.350,2,27,34,,
T,2019-04-05 03:03:31,30.30229093,78.09801966,14,615.000,,4.300,358,27,34,,
T,2019-04-05 03:03:32,30.30230962,78.09802456,14,614.000,,3.340,360,27,34,,
T,2019-04-05 03:03:33,30.30233823,78.09801973,15,613.000,,3.120,357,28,34,,
T,2019-04-05 03:03:34,30.30233202,78.09802705,14,613.000,,1.670,3,28,34,,
T,2019-04-05 03:03:35,30.30235149,78.09803270,14,613.000,,2.290,7,28,34,,
T,2019-04-05 03:03:36,30.30236162,78.09803039,14,613.000,,1.570,1,28,34,,
T,2019-04-05 03:03:37,30.30238128,78.09803085,14,613.000,,1.850,1,28,34,,
T,2019-04-05 03:03:38,30.30239820,78.09802751,14,614.000,,1.590,352,28,34,,
T,2019-04-05 03:03:39,30.30241320,78.09802783,14,614.000,,1.170,6,28,34,,
T,2019-04-05 03:03:40,30.30242518,78.09802757,14,615.000,,0.940,0,28,34,,
T,2019-04-05 03:03:41,30.30243988,78.09802347,14,615.000,,0.000,,28,34,,
T,2019-04-05 03:03:42,30.30254575,78.09801298,14,614.000,,5.160,359,28,34,,
T,2019-04-05 03:03:43,30.30264051,78.09799759,14,617.000,,5.080,356,28,34,,
T,2019-04-05 03:03:44,30.30269633,78.09800728,14,619.000,,5.080,4,28,34,,
T,2019-04-05 03:03:45,30.30275472,78.09801811,14,621.000,,5.010,6,28,34,,
T,2019-04-05 03:03:46,30.30280353,78.09802508,14,622.000,,4.620,359,28,34,,
T,2019-04-05 03:03:47,30.30285047,78.09802162,14,619.000,,4.870,358,28,34,,
T,2019-04-05 03:03:48,30.30289513,78.09802523,14,620.000,,4.830,360,28,34,,
T,2019-04-05 03:03:49,30.30294068,78.09804988,14,621.000,,5.010,8,29,34,,
T,2019-04-05 03:03:50,30.30299380,78.09805389,14,621.000,,5.360,5,29,34,,
T,2019-04-05 03:03:51,30.30303090,78.09804903,15,621.000,,5.110,3,29,34,,
T,2019-04-05 03:03:52,30.30308690,78.09805807,14,620.000,,6.020,3,29,34,,
T,2019-04-05 03:03:53,30.30314401,78.09806579,14,619.000,,6.120,4,29,34,,
T,2019-04-05 03:03:54,30.30320047,78.09806429,14,619.000,,6.090,1,29,34,,
T,2019-04-05 03:03:55,30.30326072,78.09806600,14,618.000,,6.870,360,28,34,,
T,2019-04-05 03:03:56,30.30332827,78.09806550,14,618.000,,7.220,358,29,34,,
T,2019-04-05 03:03:57,30.30339224,78.09806629,14,618.000,,7.360,0,29,34,,
T,2019-04-05 03:03:58,30.30347959,78.09806290,14,618.000,,8.480,0,29,34,,
T,2019-04-05 03:03:59,30.30355938,78.09806952,14,618.000,,8.530,3,29,34,,
T,2019-04-05 03:04:00,30.30361572,78.09807265,14,617.000,,8.100,4,29,34,,
T,2019-04-05 03:04:01,30.30368588,78.09808960,14,616.000,,7.660,6,29,34,,
T,2019-04-05 03:04:02,30.30375401,78.09810516,14,615.000,,7.960,5,29,34,,
T,2019-04-05 03:04:03,30.30381625,78.09809794,14,615.000,,7.550,2,28,34,,
T,2019-04-05 03:04:04,30.30388608,78.09810810,14,614.000,,7.640,5,28,34,,
T,2019-04-05 03:04:05,30.30396428,78.09808661,14,613.000,,7.230,357,28,34,,
T,2019-04-05 03:04:06,30.30402171,78.09809233,14,613.000,,7.250,356,29,34,,
T,2019-04-05 03:04:07,30.30408457,78.09809297,14,615.000,,7.030,356,29,34,,
T,2019-04-05 03:04:08,30.30416079,78.09807619,15,614.000,,7.260,354,29,34,,
T,2019-04-05 03:04:09,30.30423134,78.09807680,15,614.000,,7.050,358,29,34,,
T,2019-04-05 03:04:10,30.30429722,78.09807544,15,613.000,,7.520,0,29,34,,
T,2019-04-05 03:04:11,30.30435940,78.09808505,14,614.000,,7.360,4,29,34,,
T,2019-04-05 03:04:12,30.30442082,78.09809480,14,615.000,,6.600,3,29,34,,
T,2019-04-05 03:04:13,30.30446163,78.09810793,14,613.000,,5.430,2,29,34,,
T,2019-04-05 03:04:14,30.30450601,78.09811237,14,613.000,,4.560,3,29,34,,
T,2019-04-05 03:04:15,30.30453617,78.09810902,14,613.000,,4.140,358,28,34,,
T,2019-04-05 03:04:16,30.30458890,78.09811736,15,613.000,,4.860,4,28,34,,
T,2019-04-05 03:04:17,30.30462834,78.09813714,15,613.000,,4.990,11,28,34,,
T,2019-04-05 03:04:18,30.30468285,78.09810774,17,612.000,,4.850,359,28,34,,
T,2019-04-05 03:04:19,30.30471025,78.09811689,15,615.000,,4.490,355,28,34,,
T,2019-04-05 03:04:20,30.30474371,78.09811908,15,614.000,,4.340,355,28,34,,
T,2019-04-05 03:04:21,30.30479593,78.09809176,15,613.000,,4.960,353,27,34,,
T,2019-04-05 03:04:22,30.30484283,78.09808354,15,613.000,,4.960,359,27,34,,
T,2019-04-05 03:04:23,30.30490057,78.09809148,15,615.000,,5.320,3,27,34,,
T,2019-04-05 03:04:24,30.30495531,78.09810145,14,615.000,,5.290,360,28,34,,
T,2019-04-05 03:04:25,30.30500419,78.09811077,14,615.000,,5.280,1,28,34,,
T,2019-04-05 03:04:26,30.30504634,78.09811514,14,616.000,,5.210,2,28,34,,
T,2019-04-05 03:04:27,30.30511520,78.09811759,14,616.000,,6.100,1,28,34,,
T,2019-04-05 03:04:28,30.30515997,78.09812991,14,615.000,,6.260,5,28,33,,
T,2019-04-05 03:04:29,30.30521989,78.09813267,15,616.000,,5.940,3,28,34,,
T,2019-04-05 03:04:30,30.30527737,78.09813523,15,616.000,,6.320,3,28,34,,
T,2019-04-05 03:04:31,30.30532658,78.09813086,15,615.000,,6.180,1,28,34,,
T,2019-04-05 03:04:32,30.30537371,78.09814407,15,617.000,,5.910,356,28,34,,
T,2019-04-05 03:04:33,30.30543461,78.09814287,15,617.000,,6.060,355,28,34,,
T,2019-04-05 03:04:34,30.30549200,78.09811441,15,617.000,,6.020,343,28,34,,
T,2019-04-05 03:04:35,30.30552857,78.09809200,15,618.000,,4.900,338,28,34,,
T,2019-04-05 03:04:36,30.30558076,78.09806004,15,619.000,,4.310,335,29,34,,
T,2019-04-05 03:04:37,30.30560237,78.09803990,14,620.000,,2.880,339,29,34,,
T,2019-04-05 03:04:38,30.30561803,78.09802437,14,619.000,,1.350,337,29,34,,
T,2019-04-05 03:04:39,30.30563225,78.09801151,14,618.000,,0.580,337,29,34,,
T,2019-04-05 03:04:40,30.30563080,78.09800824,14,618.000,,0.000,,29,34,,
T,2019-04-05 03:04:41,30.30563291,78.09800775,14,618.000,,0.200,337,29,34,,
T,2019-04-05 03:04:42,30.30563555,78.09800799,14,618.000,,0.000,,29,34,,
T,2019-04-05 03:04:43,30.30563937,78.09800560,14,618.000,,0.000,,29,34,,
T,2019-04-05 03:04:44,30.30563656,78.09800776,14,618.000,,0.000,,29,33,,
T,2019-04-05 03:04:45,30.30563624,78.09800688,14,618.000,,0.000,,29,33,,
T,2019-04-05 03:04:46,30.30564033,78.09800968,14,619.000,,0.000,,29,33,,
T,2019-04-05 03:04:47,30.30564488,78.09801198,14,618.000,,0.000,,29,33,,
T,2019-04-05 03:04:48,30.30564503,78.09801392,14,618.000,,0.000,,28,33,,
T,2019-04-05 03:04:49,30.30564496,78.09801367,14,619.000,,0.000,,28,33,,
T,2019-04-05 03:04:50,30.30564323,78.09801407,14,618.000,,0.000,,27,33,,
T,2019-04-05 03:04:51,30.30564236,78.09801182,14,619.000,,0.000,,27,33,,
T,2019-04-05 03:04:52,30.30564427,78.09801082,14,619.000,,0.000,,27,33,,
T,2019-04-05 03:04:53,30.30564531,78.09801023,14,619.000,,0.000,,27,33,,
T,2019-04-05 03:04:54,30.30564558,78.09801003,5,619.000,,0.000,,28,33,,
T,2019-04-05 03:04:55,30.30564587,78.09800960,5,619.000,,0.000,,28,33,,
T,2019-04-05 03:04:56,30.30564403,78.09800937,5,619.000,,0.000,,27,33,,
T,2019-04-05 03:04:57,30.30564405,78.09800937,5,619.000,,0.000,,27,33,,
T,2019-04-05 03:04:58,30.30564456,78.09800861,5,619.000,,0.000,,27,33,,
T,2019-04-05 03:04:59,30.30565282,78.09800730,5,619.000,,0.640,338,27,33,,
T,2019-04-05 03:05:00,30.30566334,78.09799353,5,619.000,,1.450,335,27,33,,
T,2019-04-05 03:05:01,30.30567757,78.09798100,5,619.000,,1.870,344,28,33,,
T,2019-04-05 03:05:02,30.30568717,78.09796732,5,619.000,,1.600,329,28,33,,
T,2019-04-05 03:05:03,30.30569278,78.09795773,5,620.000,,1.320,302,29,33,,
T,2019-04-05 03:05:04,30.30569584,78.09794549,5,620.000,,1.180,298,30,33,,
T,2019-04-05 03:05:05,30.30569940,78.09793238,5,621.000,,1.390,284,30,33,,
T,2019-04-05 03:05:06,30.30569826,78.09791623,5,619.000,,1.710,263,30,33,,
T,2019-04-05 03:05:07,30.30568903,78.09790121,5,618.000,,1.750,229,30,33,,
T,2019-04-05 03:05:08,30.30567270,78.09788830,5,617.000,,1.730,213,31,33,,
T,2019-04-05 03:05:09,30.30565582,78.09787666,5,617.000,,1.730,219,31,33,,
T,2019-04-05 03:05:10,30.30564582,78.09786650,5,616.000,,0.310,215,31,33,,
T,2019-04-05 03:05:11,30.30562866,78.09784829,5,616.000,,3.490,221,31,34,,
T,2019-04-05 03:05:12,30.30559404,78.09781046,5,615.000,,5.240,224,31,34,,
T,2019-04-05 03:05:13,30.30554838,78.09776322,5,616.000,,6.390,217,31,34,,
T,2019-04-05 03:05:14,30.30543067,78.09764443,5,615.000,,6.700,221,31,34,,
T,2019-04-05 03:05:15,30.30537925,78.09759783,5,614.000,,7.100,221,30,34,,
T,2019-04-05 03:05:16,30.30533500,78.09754351,5,614.000,,7.660,221,30,34,,
T,2019-04-05 03:05:17,30.30528001,78.09748793,5,614.000,,7.870,220,31,34,,
T,2019-04-05 03:05:18,30.30521700,78.09743475,5,615.000,,8.430,218,30,34,,
T,2019-04-05 03:05:19,30.30515739,78.09737888,5,615.000,,8.620,219,30,34,,
T,2019-04-05 03:05:20,30.30510768,78.09731805,5,615.000,,8.130,221,30,34,,
T,2019-04-05 03:05:21,30.30504523,78.09726834,5,615.000,,8.490,218,30,34,,
T,2019-04-05 03:05:22,30.30498865,78.09721859,5,614.000,,8.420,215,30,34,,
T,2019-04-05 03:05:23,30.30493138,78.09716537,5,614.000,,8.270,217,18,21,,
T,2019-04-05 03:05:24,30.30488155,78.09710563,5,613.000,,7.940,223,12,19,,
T,2019-04-05 03:05:25,30.30482870,78.09704988,5,613.000,,7.940,223,12,19,,
T,2019-04-05 03:05:26,30.30476915,78.09699838,6,612.000,,8.030,221,10,16,,
T,2019-04-05 03:05:27,30.30472219,78.09696186,5,613.000,,6.940,220,15,32,,
T,2019-04-05 03:05:28,30.30467723,78.09692083,5,612.000,,6.360,217,16,33,,
T,2019-04-05 03:05:29,30.30466026,78.09687951,5,612.000,,4.830,222,13,16,,
T,2019-04-05 03:05:30,30.30463527,78.09684968,5,611.000,,3.860,223,10,18,,
T,2019-04-05 03:05:31,30.30460470,78.09681754,5,611.000,,3.310,227,11,18,,
T,2019-04-05 03:05:32,30.30458477,78.09679471,5,611.000,,2.740,222,11,19,,
T,2019-04-05 03:05:33,30.30456558,78.09678697,5,611.000,,2.430,218,11,19,,
T,2019-04-05 03:05:34,30.30454391,78.09677809,5,611.000,,2.580,217,13,19,,
T,2019-04-05 03:05:35,30.30452405,78.09675892,5,611.000,,2.580,217,13,19,,
T,2019-04-05 03:05:36,30.30451451,78.09673353,5,611.000,,1.980,222,13,19,,
T,2019-04-05 03:05:37,30.30449668,78.09673139,5,611.000,,1.510,221,16,20,,
T,2019-04-05 03:05:38,30.30448779,78.09671802,5,611.000,,1.860,230,14,18,,
T,2019-04-05 03:05:39,30.30447922,78.09669940,6,611.000,,1.920,242,10,15,,
T,2019-04-05 03:05:40,30.30447095,78.09668179,6,611.000,,1.920,242,10,15,,
T,2019-04-05 03:05:41,30.30446361,78.09666615,9,611.000,,1.690,242,,32,,
T,2019-04-05 03:05:42,30.30446042,78.09665071,11,611.000,,1.650,248,3,32,,
T,2019-04-05 03:05:43,30.30447510,78.09662191,9,612.000,,1.660,288,3,32,,
T,2019-04-05 03:05:44,30.30448682,78.09660388,8,612.000,,1.750,305,17,32,,
T,2019-04-05 03:05:45,30.30450148,78.09658573,6,611.000,,1.790,311,19,32,,
T,2019-04-05 03:05:46,30.30451687,78.09656613,6,611.000,,1.860,314,20,32,,
T,2019-04-05 03:05:47,30.30455662,78.09651364,6,611.000,,1.960,309,20,32,,
T,2019-04-05 03:05:48,30.30460745,78.09642332,6,612.000,,4.920,307,21,32,,
T,2019-04-05 03:05:49,30.30463425,78.09637873,5,613.000,,5.390,305,21,32,,
T,2019-04-05 03:05:50,30.30465895,78.09633984,6,612.000,,5.310,306,21,32,,
T,2019-04-05 03:05:51,30.30470365,78.09626550,6,613.000,,6.380,305,21,32,,
T,2019-04-05 03:05:52,30.30474132,78.09619121,8,614.000,,6.890,304,22,32,,
T,2019-04-05 03:05:53,30.30476010,78.09614934,8,614.000,,6.090,302,22,32,,
T,2019-04-05 03:05:54,30.30477892,78.09611904,8,615.000,,5.430,301,22,32,,
T,2019-04-05 03:05:55,30.30479410,78.09604290,8,614.000,,5.810,289,22,32,,
T,2019-04-05 03:05:56,30.30481420,78.09598911,6,614.000,,5.720,290,22,32,,
T,2019-04-05 03:05:57,30.30482750,78.09597014,5,614.000,,4.800,295,22,32,,
T,2019-04-05 03:05:58,30.30484499,78.09592840,6,615.000,,4.320,299,23,32,,
T,2019-04-05 03:05:59,30.30485205,78.09590308,6,614.000,,3.580,295,23,32,,
T,2019-04-05 03:06:00,30.30487029,78.09589209,6,614.000,,2.470,312,21,32,,
T,2019-04-05 03:06:01,30.30487109,78.09588388,5,614.000,,1.020,294,22,33,,
T,2019-04-05 03:06:02,30.30486826,78.09587293,5,613.000,,0.000,,23,33,,
T,2019-04-05 03:06:03,30.30486111,78.09585833,5,613.000,,0.000,,24,33,,
T,2019-04-05 03:06:04,30.30486168,78.09586044,5,613.000,,0.000,,23,34,,
T,2019-04-05 03:06:05,30.30485984,78.09585783,5,613.000,,0.000,,23,34,,
T,2019-04-05 03:06:06,30.30485967,78.09585864,5,613.000,,0.000,,23,34,,
T,2019-04-05 03:06:07,30.30485841,78.09585409,5,612.000,,0.220,294,23,34,,
T,2019-04-05 03:06:08,30.30485781,78.09584495,5,612.000,,1.240,328,14,20,,
T,2019-04-05 03:06:09,30.30486755,78.09583842,5,612.000,,1.250,336,14,20,,
T,2019-04-05 03:06:10,30.30489197,78.09583295,5,612.000,,2.450,345,14,20,,
T,2019-04-05 03:06:11,30.30491336,78.09582572,5,612.000,,2.450,346,10,20,,
T,2019-04-05 03:06:12,30.30496366,78.09581080,5,613.000,,4.250,340,10,20,,
T,2019-04-05 03:06:13,30.30500196,78.09579048,5,614.000,,4.960,337,11,20,,
T,2019-04-05 03:06:14,30.30504878,78.09576315,5,614.000,,5.300,335,8,17,,
T,2019-04-05 03:06:15,30.30509905,78.09574788,6,615.000,,5.400,337,9,20,,
T,2019-04-05 03:06:16,30.30514672,78.09574135,6,614.000,,5.350,339,8,18,,
T,2019-04-05 03:06:17,30.30519989,78.09572518,8,614.000,,5.530,352,9,31,,
T,2019-04-05 03:06:18,30.30525725,78.09572723,8,614.000,,5.530,358,12,32,,
T,2019-04-05 03:06:19,30.30530995,78.09575009,8,613.000,,6.130,13,16,33,,
T,2019-04-05 03:06:20,30.30533626,78.09578468,6,612.000,,5.870,21,15,19,,
T,2019-04-05 03:06:21,30.30538760,78.09581027,8,612.000,,6.100,22,2,9,,
T,2019-04-05 03:06:22,30.30543873,78.09583376,12,612.000,,6.100,22,2,9,,
T,2019-04-05 03:06:26,30.30563568,78.09573775,15,612.000,,6.300,327,11,32,,
T,2019-04-05 03:06:27,30.30565005,78.09567814,12,611.000,,5.270,314,17,32,,
T,2019-04-05 03:06:28,30.30566123,78.09559623,11,613.000,,5.800,293,22,33,,
T,2019-04-05 03:06:29,30.30570022,78.09558147,8,613.000,,5.530,304,22,33,,
T,2019-04-05 03:06:30,30.30572719,78.09552214,8,612.000,,6.080,306,25,33,,
T,2019-04-05 03:06:31,30.30576176,78.09547434,8,611.000,,6.040,313,25,33,,
T,2019-04-05 03:06:32,30.30582164,78.09543566,6,610.000,,6.130,328,28,33,,
T,2019-04-05 03:06:33,30.30586193,78.09542043,6,609.000,,6.290,343,29,33,,
T,2019-04-05 03:06:34,30.30592747,78.09539840,6,609.000,,6.280,349,29,33,,
T,2019-04-05 03:06:35,30.30599327,78.09536990,6,610.000,,6.700,346,28,33,,
T,2019-04-05 03:06:36,30.30605879,78.09533527,6,612.000,,7.250,336,28,33,,
T,2019-04-05 03:06:37,30.30609792,78.09529600,5,613.000,,7.000,325,28,33,,
T,2019-04-05 03:06:38,30.30612295,78.09523818,5,611.000,,7.140,315,27,33,,
T,2019-04-05 03:06:39,30.30617099,78.09518125,5,612.000,,7.190,314,29,33,,
T,2019-04-05 03:06:40,30.30622329,78.09512971,5,612.000,,7.400,314,28,33,,
T,2019-04-05 03:06:41,30.30627826,78.09508221,5,613.000,,7.420,320,28,33,,
T,2019-04-05 03:06:42,30.30634830,78.09503239,5,615.000,,7.540,324,28,33,,
T,2019-04-05 03:06:43,30.30641099,78.09498614,5,616.000,,7.530,327,28,33,,
T,2019-04-05 03:06:44,30.30647535,78.09495045,5,618.000,,7.780,335,28,33,,
T,2019-04-05 03:06:45,30.30652603,78.09493628,5,617.000,,7.310,340,28,33,,
T,2019-04-05 03:06:46,30.30658450,78.09490080,5,616.000,,7.370,337,28,33,,
T,2019-04-05 03:06:47,30.30664541,78.09486450,5,617.000,,7.010,330,29,33,,
T,2019-04-05 03:06:48,30.30670817,78.09483830,5,618.000,,6.970,340,29,33,,
T,2019-04-05 03:06:49,30.30675731,78.09480907,5,619.000,,6.270,334,29,33,,
T,2019-04-05 03:06:50,30.30680950,78.09479071,5,618.000,,6.410,337,29,33,,
T,2019-04-05 03:06:51,30.30687071,78.09477638,5,618.000,,6.880,345,27,33,,
T,2019-04-05 03:06:52,30.30693204,78.09478440,5,618.000,,7.430,1,28,33,,
T,2019-04-05 03:06:53,30.30700186,78.09478845,5,618.000,,7.380,2,29,33,,
T,2019-04-05 03:06:54,30.30707295,78.09478200,5,618.000,,7.410,359,28,34,,
T,2019-04-05 03:06:55,30.30714055,78.09476869,5,618.000,,7.420,353,25,33,,
T,2019-04-05 03:06:56,30.30720434,78.09475955,5,618.000,,7.350,347,25,34,,
T,2019-04-05 03:06:57,30.30726689,78.09474141,5,619.000,,7.120,341,25,34,,
T,2019-04-05 03:06:58,30.30732145,78.09470799,6,620.000,,6.860,334,25,34,,
T,2019-04-05 03:06:59,30.30737860,78.09464999,5,620.000,,7.420,323,25,34,,
T,2019-04-05 03:07:00,30.30742290,78.09460281,5,622.000,,6.470,317,24,34,,
T,2019-04-05 03:07:01,30.30746792,78.09455540,5,621.000,,6.580,326,24,34,,
T,2019-04-05 03:07:02,30.30752889,78.09454354,5,621.000,,6.270,340,23,33,,
T,2019-04-05 03:07:03,30.30758037,78.09454327,5,618.000,,6.470,2,13,21,,
T,2019-04-05 03:07:04,30.30763876,78.09454576,6,618.000,,6.470,2,13,21,,
T,2019-04-05 03:07:05,30.30768441,78.09458494,6,618.000,,6.600,24,9,32,,
T,2019-04-05 03:07:06,30.30773817,78.09462364,6,618.000,,6.410,39,9,18,,
T,2019-04-05 03:07:07,30.30778340,78.09466514,8,618.000,,6.410,39,9,18,,
T,2019-04-05 03:07:08,30.30781626,78.09471149,6,619.000,,6.350,52,11,21,,
T,2019-04-05 03:07:09,30.30782792,78.09476594,6,617.000,,5.680,51,11,21,,
T,2019-04-05 03:07:10,30.30786022,78.09481180,8,617.000,,5.680,51,9,18,,
T,2019-04-05 03:07:11,30.30792088,78.09482064,15,616.000,,5.630,25,9,18,,
T,2019-04-05 03:07:12,30.30799733,78.09479756,15,616.000,,6.150,10,12,33,,
T,2019-04-05 03:07:13,30.30804535,78.09480145,15,617.000,,5.720,0,13,33,,
T,2019-04-05 03:07:14,30.30809182,78.09478202,15,617.000,,5.430,347,17,33,,
T,2019-04-05 03:07:15,30.30812223,78.09477358,15,618.000,,3.050,344,17,33,,
T,2019-04-05 03:07:16,30.30812706,78.09476349,14,617.000,,1.960,338,20,33,,
T,2019-04-05 03:07:17,30.30813892,78.09475822,14,618.000,,0.860,337,21,33,,
T,2019-04-05 03:07:18,30.30814156,78.09475579,14,618.000,,0.540,337,22,33,,
T,2019-04-05 03:07:19,30.30815149,78.09475393,14,618.000,,0.450,337,23,33,,
T,2019-04-05 03:07:20,30.30816078,78.09475835,14,620.000,,0.220,338,25,33,,
T,2019-04-05 03:07:21,30.30816922,78.09476059,14,620.000,,0.510,338,26,33,,
T,2019-04-05 03:07:22,30.30817162,78.09476023,14,619.000,,0.000,,26,33,,
T,2019-04-05 03:07:23,30.30817409,78.09476212,14,619.000,,0.000,,26,33,,
T,2019-04-05 03:07:24,30.30817358,78.09476500,14,619.000,,0.000,,26,33,,
T,2019-04-05 03:07:25,30.30818911,78.09475542,14,619.000,,1.420,338,26,33,,
T,2019-04-05 03:07:26,30.30820350,78.09474467,14,620.000,,1.580,338,26,33,,
T,2019-04-05 03:07:27,30.30822111,78.09472725,14,621.000,,2.190,313,25,34,,
T,2019-04-05 03:07:28,30.30824284,78.09470593,14,621.000,,2.830,315,25,34,,
T,2019-04-05 03:07:29,30.30825574,78.09468101,14,622.000,,2.980,308,25,34,,
T,2019-04-05 03:07:30,30.30827261,78.09465747,14,622.000,,2.810,310,25,34,,
T,2019-04-05 03:07:31,30.30829149,78.09463205,14,622.000,,2.850,314,25,34,,
T,2019-04-05 03:07:32,30.30831115,78.09461294,14,623.000,,2.770,308,25,34,,
T,2019-04-05 03:07:33,30.30832758,78.09458688,14,623.000,,2.810,308,25,34,,
T,2019-04-05 03:07:34,30.30834587,78.09456138,14,623.000,,2.770,312,25,34,,
T,2019-04-05 03:07:35,30.30836425,78.09454806,14,623.000,,2.760,312,24,34,,
T,2019-04-05 03:07:36,30.30837930,78.09452563,14,622.000,,2.910,312,24,34,,
T,2019-04-05 03:07:37,30.30840766,78.09449743,14,622.000,,3.020,316,25,34,,
T,2019-04-05 03:07:38,30.30843494,78.09448158,14,623.000,,3.440,324,26,34,,
T,2019-04-05 03:07:39,30.30846180,78.09446115,14,622.000,,3.840,329,25,34,,
T,2019-04-05 03:07:40,30.30849717,78.09444053,14,623.000,,4.330,334,25,34,,
T,2019-04-05 03:07:41,30.30853857,78.09442696,14,624.000,,4.460,338,25,34,,
T,2019-04-05 03:07:42,30.30858136,78.09442063,14,625.000,,4.560,349,27,34,,
T,2019-04-05 03:07:43,30.30865404,78.09448639,14,625.000,,5.140,19,27,34,,
T,2019-04-05 03:07:44,30.30871232,78.09451427,14,627.000,,5.410,24,28,34,,
T,2019-04-05 03:07:45,30.30875485,78.09454350,14,627.000,,5.090,29,29,34,,
T,2019-04-05 03:07:46,30.30881422,78.09456783,14,628.000,,5.480,26,28,34,,
T,2019-04-05 03:07:47,30.30884691,78.09461374,14,625.000,,5.230,37,29,34,,
T,2019-04-05 03:07:48,30.30890305,78.09463780,14,626.000,,5.000,36,29,34,,
T,2019-04-05 03:07:49,30.30892411,78.09465283,14,624.000,,4.470,23,29,34,,
T,2019-04-05 03:07:50,30.30895811,78.09467609,14,625.000,,4.020,24,29,34,,
T,2019-04-05 03:07:51,30.30898733,78.09469875,14,626.000,,3.900,29,27,34,,
T,2019-04-05 03:07:52,30.30899433,78.09472618,14,625.000,,3.090,38,27,34,,
T,2019-04-05 03:07:53,30.30900882,78.09475563,14,627.000,,2.320,38,28,34,,
T,2019-04-05 03:07:54,30.30901890,78.09476209,14,627.000,,1.490,38,29,35,,
T,2019-04-05 03:07:55,30.30902839,78.09476700,14,627.000,,1.170,12,29,35,,
T,2019-04-05 03:07:56,30.30903824,78.09477622,14,628.000,,1.400,12,29,35,,
T,2019-04-05 03:07:57,30.30905294,78.09477528,14,629.000,,1.670,2,30,35,,
T,2019-04-05 03:07:58,30.30905848,78.09477374,14,629.000,,0.150,337,30,35,,
T,2019-04-05 03:07:59,30.30906855,78.09476808,14,630.000,,1.740,323,29,35,,
T,2019-04-05 03:08:00,30.30908865,78.09475788,14,630.000,,2.440,338,29,35,,
T,2019-04-05 03:08:01,30.30911547,78.09474449,14,630.000,,3.370,336,29,35,,
T,2019-04-05 03:08:02,30.30914876,78.09472549,14,630.000,,4.090,336,28,35,,
T,2019-04-05 03:08:03,30.30918571,78.09470207,14,630.000,,4.550,332,28,35,,
T,2019-04-05 03:08:04,30.30922854,78.09465860,14,630.000,,4.690,329,27,35,,
T,2019-04-05 03:08:05,30.30926126,78.09463707,14,630.000,,4.260,329,28,35,,
T,2019-04-05 03:08:06,30.30929105,78.09461359,14,630.000,,4.130,328,27,35,,
T,2019-04-05 03:08:07,30.30932162,78.09458999,14,630.000,,4.170,324,25,35,,
T,2019-04-05 03:08:08,30.30934740,78.09456565,14,631.000,,3.800,321,25,35,,
T,2019-04-05 03:08:09,30.30937099,78.09454214,14,631.000,,3.480,318,26,35,,
T,2019-04-05 03:08:10,30.30939360,78.09451594,14,631.000,,3.410,316,27,35,,
T,2019-04-05 03:08:11,30.30941718,78.09448854,14,632.000,,3.350,312,27,35,,
T,2019-04-05 03:08:12,30.30943756,78.09445960,14,632.000,,3.300,311,27,35,,
T,2019-04-05 03:08:13,30.30945436,78.09443521,14,632.000,,3.070,308,27,35,,
T,2019-04-05 03:08:14,30.30946384,78.09442380,14,632.000,,0.000,,26,35,,
T,2019-04-05 03:08:15,30.30947169,78.09440913,14,631.000,,1.720,305,27,35,,
T,2019-04-05 03:08:16,30.30947795,78.09439966,14,630.000,,0.160,308,27,35,,
T,2019-04-05 03:08:17,30.30949301,78.09438158,14,629.000,,3.160,314,27,35,,
T,2019-04-05 03:08:18,30.30951949,78.09434994,14,629.000,,3.770,318,27,35,,
T,2019-04-05 03:08:19,30.30954785,78.09431860,14,629.000,,3.580,317,27,36,,
T,2019-04-05 03:08:20,30.30957783,78.09428561,14,629.000,,4.290,316,28,36,,
T,2019-04-05 03:08:21,30.30964079,78.09419866,15,631.000,,5.260,314,26,36,,
T,2019-04-05 03:08:22,30.30967503,78.09416887,15,631.000,,4.620,323,26,36,,
T,2019-04-05 03:08:23,30.30971219,78.09411485,14,631.000,,5.370,314,26,36,,
T,2019-04-05 03:08:24,30.30975602,78.09406630,14,631.000,,5.340,311,27,36,,
T,2019-04-05 03:08:25,30.30978110,78.09402750,14,630.000,,5.000,310,26,36,,
T,2019-04-05 03:08:26,30.30981339,78.09397462,14,631.000,,5.400,306,26,36,,
T,2019-04-05 03:08:27,30.30985172,78.09393362,14,632.000,,5.570,311,26,36,,
T,2019-04-05 03:08:28,30.30988522,78.09390907,14,632.000,,5.440,312,26,36,,
T,2019-04-05 03:08:29,30.30992109,78.09389252,14,632.000,,4.590,329,26,36,,
T,2019-04-05 03:08:30,30.30994346,78.09382142,14,633.000,,5.490,306,27,35,,
T,2019-04-05 03:08:31,30.30997227,78.09372386,14,635.000,,5.830,305,27,35,,
T,2019-04-05 03:08:32,30.30999785,78.09368193,14,632.000,,5.460,308,27,35,,
T,2019-04-05 03:08:33,30.31002454,78.09361894,14,632.000,,5.800,306,27,35,,
T,2019-04-05 03:08:34,30.31006020,78.09357559,14,634.000,,5.450,307,27,35,,
T,2019-04-05 03:08:35,30.31009763,78.09353186,14,635.000,,5.510,307,27,35,,
T,2019-04-05 03:08:36,30.31012556,78.09347419,14,633.000,,6.060,302,28,35,,
T,2019-04-05 03:08:37,30.31016464,78.09342091,14,633.000,,6.130,306,27,35,,
T,2019-04-05 03:08:38,30.31019394,78.09335739,14,632.000,,5.900,307,27,35,,
T,2019-04-05 03:08:39,30.31020259,78.09329253,14,631.000,,6.220,293,27,35,,
T,2019-04-05 03:08:40,30.31021726,78.09326140,14,629.000,,5.480,293,27,35,,
T,2019-04-05 03:08:41,30.31023614,78.09323176,14,627.000,,4.480,304,27,35,,
T,2019-04-05 03:08:42,30.31025590,78.09317857,14,625.000,,5.380,298,28,35,,
T,2019-04-05 03:08:43,30.31028751,78.09311103,14,625.000,,6.310,301,28,35,,
T,2019-04-05 03:08:44,30.31030427,78.09299119,14,625.000,,7.950,287,29,35,,
T,2019-04-05 03:08:45,30.31030392,78.09294128,15,622.000,,7.760,282,29,35,,
T,2019-04-05 03:08:46,30.31032807,78.09282484,15,622.000,,8.790,285,29,35,,
T,2019-04-05 03:08:47,30.31033408,78.09272581,15,623.000,,8.390,279,29,35,,
T,2019-04-05 03:08:48,30.31036165,78.09263887,15,624.000,,8.140,285,29,35,,
T,2019-04-05 03:08:49,30.31038575,78.09255130,15,625.000,,7.980,288,29,35,,
T,2019-04-05 03:08:50,30.31042524,78.09245930,15,625.000,,7.950,294,29,35,,
T,2019-04-05 03:08:51,30.31046869,78.09238415,14,624.000,,7.360,305,28,35,,
T,2019-04-05 03:08:52,30.31051027,78.09230607,14,624.000,,8.080,305,28,35,,
T,2019-04-05 03:08:53,30.31056226,78.09222611,14,625.000,,8.110,308,28,35,,
T,2019-04-05 03:08:54,30.31062908,78.09217438,14,625.000,,8.320,322,28,35,,
T,2019-04-05 03:08:55,30.31068431,78.09208183,14,625.000,,9.280,313,28,35,,
T,2019-04-05 03:08:56,30.31074186,78.09198718,14,626.000,,9.930,310,28,35,,
T,2019-04-05 03:08:57,30.31080464,78.09188920,14,624.000,,10.430,308,28,35,,
T,2019-04-05 03:08:58,30.31085452,78.09179654,14,625.000,,10.310,309,28,35,,
T,2019-04-05 03:08:59,30.31090716,78.09170285,14,625.000,,10.380,308,28,35,,
T,2019-04-05 03:09:00,30.31096767,78.09160920,14,626.000,,10.600,308,28,35,,
T,2019-04-05 03:09:01,30.31102199,78.09149592,15,627.000,,11.060,305,28,35,,
T,2019-04-05 03:09:02,30.31107325,78.09141400,15,629.000,,10.140,306,28,35,,
T,2019-04-05 03:09:03,30.31112439,78.09130106,14,629.000,,10.490,304,28,35,,
T,2019-04-05 03:09:04,30.31118065,78.09119689,14,629.000,,10.150,305,28,35,,
T,2019-04-05 03:09:05,30.31122732,78.09110541,15,631.000,,10.260,305,28,35,,
T,2019-04-05 03:09:06,30.31126334,78.09099323,15,630.000,,10.760,302,28,35,,
T,2019-04-05 03:09:07,30.31131598,78.09089864,15,630.000,,10.780,302,28,35,,
T,2019-04-05 03:09:08,30.31134657,78.09082199,15,628.000,,9.950,298,28,35,,
T,2019-04-05 03:09:09,30.31140600,78.09075570,14,626.000,,9.220,312,27,35,,
T,2019-04-05 03:09:10,30.31146436,78.09066482,14,628.000,,9.830,309,27,35,,
T,2019-04-05 03:09:11,30.31150734,78.09058421,14,628.000,,9.500,306,27,35,,
T,2019-04-05 03:09:12,30.31155421,78.09050750,14,628.000,,9.660,305,27,35,,
T,2019-04-05 03:09:13,30.31160259,78.09042256,14,629.000,,9.840,305,27,35,,
T,2019-04-05 03:09:14,30.31166286,78.09034781,14,628.000,,9.810,311,27,35,,
T,2019-04-05 03:09:15,30.31171558,78.09026622,14,629.000,,9.710,307,27,35,,
T,2019-04-05 03:09:16,30.31178024,78.09018534,14,630.000,,9.540,307,27,35,,
T,2019-04-05 03:09:17,30.31181808,78.09010120,14,629.000,,9.140,301,27,35,,
T,2019-04-05 03:09:18,30.31184952,78.09002616,14,627.000,,8.700,300,27,35,,
T,2019-04-05 03:09:19,30.31189325,78.08993770,14,627.000,,9.000,298,27,35,,
T,2019-04-05 03:09:20,30.31190857,78.08987968,14,628.000,,7.190,297,27,35,,
T,2019-04-05 03:09:21,30.31192818,78.08980098,15,628.000,,7.960,298,27,35,,
T,2019-04-05 03:09:22,30.31196541,78.08971135,15,629.000,,8.810,299,27,35,,
T,2019-04-05 03:09:23,30.31200291,78.08959930,15,631.000,,8.830,294,27,35,,
T,2019-04-05 03:09:24,30.31204332,78.08951281,14,631.000,,8.970,297,28,35,,
T,2019-04-05 03:09:25,30.31207433,78.08940775,14,633.000,,8.750,295,28,35,,
T,2019-04-05 03:09:26,30.31211079,78.08929370,15,634.000,,9.860,297,28,35,,
T,2019-04-05 03:09:27,30.31214643,78.08920090,14,633.000,,9.070,294,28,35,,
T,2019-04-05 03:09:28,30.31217725,78.08912482,15,634.000,,9.180,297,28,35,,
T,2019-04-05 03:09:29,30.31222079,78.08905537,15,633.000,,9.000,298,28,35,,
T,2019-04-05 03:09:30,30.31225743,78.08894709,15,632.000,,9.830,297,28,35,,
T,2019-04-05 03:09:31,30.31230871,78.08888737,14,632.000,,9.350,298,28,35,,
T,2019-04-05 03:09:32,30.31235444,78.08878776,15,632.000,,9.750,297,28,35,,
T,2019-04-05 03:09:33,30.31239146,78.08870087,14,633.000,,8.980,296,28,35,,
T,2019-04-05 03:09:34,30.31244407,78.08863368,14,635.000,,7.910,300,28,35,,
T,2019-04-05 03:09:35,30.31247396,78.08856092,14,634.000,,7.130,296,28,35,,
T,2019-04-05 03:09:36,30.31250840,78.08849462,15,634.000,,7.270,297,28,35,,
T,2019-04-05 03:09:37,30.31254641,78.08841742,14,633.000,,7.210,298,28,35,,
T,2019-04-05 03:09:38,30.31257069,78.08833659,14,633.000,,7.050,296,28,35,,
T,2019-04-05 03:09:39,30.31260182,78.08827241,14,633.000,,6.680,299,28,35,,
T,2019-04-05 03:09:40,30.31262962,78.08820729,14,632.000,,6.190,297,28,35,,
T,2019-04-05 03:09:41,30.31265090,78.08814750,15,632.000,,6.140,295,28,35,,
T,2019-04-05 03:09:42,30.31267577,78.08809842,17,632.000,,5.860,298,28,35,,
T,2019-04-05 03:09:43,30.31271395,78.08802269,17,633.000,,6.430,298,28,35,,
T,2019-04-05 03:09:44,30.31274568,78.08795371,15,633.000,,6.800,299,28,35,,
T,2019-04-05 03:09:45,30.31278352,78.08788472,15,633.000,,6.950,300,28,35,,
T,2019-04-05 03:09:46,30.31281234,78.08782924,15,632.000,,6.680,301,28,35,,
T,2019-04-05 03:09:47,30.31283977,78.08778254,15,632.000,,6.140,303,28,35,,
T,2019-04-05 03:09:48,30.31285844,78.08770639,15,632.000,,6.770,304,28,35,,
T,2019-04-05 03:09:49,30.31289757,78.08765932,14,631.000,,6.700,313,28,35,,
T,2019-04-05 03:09:50,30.31293967,78.08760638,15,631.000,,6.450,312,28,35,,
T,2019-04-05 03:09:51,30.31298645,78.08756673,15,630.000,,6.090,319,28,35,,
T,2019-04-05 03:09:52,30.31303719,78.08751087,15,629.000,,7.100,318,28,35,,
T,2019-04-05 03:09:53,30.31309710,78.08745621,15,629.000,,7.560,321,28,35,,
T,2019-04-05 03:09:54,30.31315144,78.08737056,15,629.000,,8.060,317,28,35,,
T,2019-04-05 03:09:55,30.31321388,78.08731667,15,629.000,,8.150,322,27,35,,
T,2019-04-05 03:09:56,30.31327248,78.08724705,15,628.000,,8.380,323,27,35,,
T,2019-04-05 03:09:57,30.31332464,78.08715893,15,628.000,,8.570,319,27,35,,
T,2019-04-05 03:09:58,30.31338950,78.08707664,17,628.000,,8.910,318,27,35,,
T,2019-04-05 03:09:59,30.31348752,78.08699439,17,628.000,,10.080,320,27,35,,
T,2019-04-05 03:10:00,30.31352429,78.08691084,17,630.000,,9.350,312,27,35,,
T,2019-04-05 03:10:01,30.31357688,78.08682619,15,631.000,,8.800,309,27,35,,
T,2019-04-05 03:10:02,30.31361732,78.08675390,15,631.000,,8.110,311,27,35,,
T,2019-04-05 03:10:03,30.31366419,78.08666953,17,630.000,,8.440,310,27,35,,
T,2019-04-05 03:10:04,30.31371602,78.08660202,15,631.000,,7.680,314,27,35,,
T,2019-04-05 03:10:05,30.31375429,78.08654533,15,632.000,,7.240,313,27,35,,
T,2019-04-05 03:10:06,30.31380372,78.08647190,15,632.000,,7.690,314,27,35,,
T,2019-04-05 03:10:07,30.31384034,78.08637113,15,630.000,,8.080,307,27,35,,
T,2019-04-05 03:10:08,30.31388523,78.08627874,15,630.000,,9.080,305,27,35,,
T,2019-04-05 03:10:09,30.31389997,78.08618273,15,630.000,,8.300,291,27,35,,
T,2019-04-05 03:10:10,30.31392555,78.08609085,15,631.000,,7.880,292,27,35,,
T,2019-04-05 03:10:11,30.31397298,78.08600410,15,630.000,,8.720,300,27,35,,
T,2019-04-05 03:10:12,30.31401365,78.08591209,15,631.000,,8.910,300,27,35,,
T,2019-04-05 03:10:13,30.31405630,78.08584379,15,630.000,,8.260,303,27,35,,
T,2019-04-05 03:10:14,30.31410331,78.08577252,15,630.000,,7.840,302,27,35,,
T,2019-04-05 03:10:15,30.31414378,78.08571012,15,630.000,,7.720,303,26,35,,
T,2019-04-05 03:10:16,30.31418576,78.08561634,15,632.000,,7.940,303,26,35,,
T,2019-04-05 03:10:17,30.31421157,78.08554608,14,633.000,,8.070,303,26,35,,
T,2019-04-05 03:10:18,30.31426229,78.08547911,14,632.000,,8.090,305,25,35,,
T,2019-04-05 03:10:19,30.31430348,78.08540578,14,632.000,,8.360,305,25,35,,
T,2019-04-05 03:10:20,30.31435832,78.08535395,14,630.000,,8.220,313,25,35,,
T,2019-04-05 03:10:21,30.31440824,78.08529166,15,630.000,,7.940,311,25,35,,
T,2019-04-05 03:10:22,30.31445536,78.08523869,15,629.000,,7.500,314,25,35,,
T,2019-04-05 03:10:23,30.31449728,78.08516773,15,631.000,,7.650,310,25,35,,
T,2019-04-05 03:10:24,30.31454138,78.08507084,14,632.000,,7.860,313,25,35,,
T,2019-04-05 03:10:25,30.31459953,78.08500683,5,633.000,,8.310,314,24,35,,
T,2019-04-05 03:10:26,30.31464814,78.08494299,5,633.000,,7.970,315,24,35,,
T,2019-04-05 03:10:27,30.31470112,78.08489939,6,635.000,,7.680,325,24,35,,
T,2019-04-05 03:10:28,30.31475400,78.08482014,5,635.000,,8.950,317,24,35,,
T,2019-04-05 03:10:29,30.31482107,78.08475524,5,637.000,,9.090,317,23,35,,
T,2019-04-05 03:10:30,30.31488231,78.08468206,5,637.000,,9.120,314,24,35,,
T,2019-04-05 03:10:31,30.31493885,78.08461348,5,637.000,,8.780,314,24,35,,
T,2019-04-05 03:10:32,30.31498852,78.08456153,5,636.000,,8.410,315,25,35,,
T,2019-04-05 03:10:33,30.31504185,78.08449479,5,640.000,,8.210,314,25,35,,
T,2019-04-05 03:10:34,30.31509304,78.08443368,5,640.000,,8.210,314,25,35,,
T,2019-04-05 03:10:35,30.31515078,78.08437798,5,640.000,,8.240,314,25,35,,
T,2019-04-05 03:10:36,30.31520472,78.08431808,5,640.000,,8.050,316,25,35,,
T,2019-04-05 03:10:37,30.31525512,78.08426321,5,640.000,,8.060,316,25,35,,
T,2019-04-05 03:10:38,30.31531331,78.08420454,5,640.000,,8.000,320,25,35,,
T,2019-04-05 03:10:39,30.31537375,78.08414488,5,641.000,,8.380,317,25,35,,
T,2019-04-05 03:10:40,30.31542607,78.08409646,5,641.000,,8.200,323,14,17,,
T,2019-04-05 03:10:41,30.31548989,78.08404291,5,640.000,,8.310,322,8,17,,
T,2019-04-05 03:10:42,30.31554923,78.08399013,8,640.000,,8.300,322,8,17,,
T,2019-04-05 03:10:43,30.31560732,78.08390397,6,639.000,,8.990,315,11,33,,
T,2019-04-05 03:10:44,30.31566179,78.08382003,6,639.000,,9.460,311,11,33,,
T,2019-04-05 03:10:45,30.31571764,78.08374083,6,640.000,,9.500,310,12,33,,
T,2019-04-05 03:10:46,30.31576633,78.08365782,6,638.000,,8.450,310,12,19,,
T,2019-04-05 03:10:47,30.31582029,78.08360581,8,639.000,,8.150,312,8,16,,
T,2019-04-05 03:10:48,30.31586908,78.08354255,11,635.000,,8.140,312,8,16,,
T,2019-04-05 03:10:49,30.31591861,78.08346011,8,636.000,,8.890,307,11,20,,
T,2019-04-05 03:10:50,30.31595799,78.08337585,8,636.000,,9.290,304,9,31,,
T,2019-04-05 03:10:51,30.31598911,78.08327382,9,636.000,,10.100,297,9,31,,
T,2019-04-05 03:10:52,30.31601151,78.08316374,9,636.000,,10.290,293,12,33,,
T,2019-04-05 03:10:53,30.31606298,78.08302912,11,637.000,,11.530,293,14,33,,
T,2019-04-05 03:10:54,30.31608959,78.08288761,9,637.000,,12.980,287,16,33,,
T,2019-04-05 03:10:55,30.31614166,78.08275295,9,638.000,,13.370,288,19,33,,
T,2019-04-05 03:10:56,30.31617157,78.08261887,9,638.000,,12.710,288,21,33,,
T,2019-04-05 03:10:57,30.31619534,78.08249063,8,638.000,,12.430,287,22,33,,
T,2019-04-05 03:10:58,30.31623436,78.08236610,8,639.000,,11.850,289,22,33,,
T,2019-04-05 03:10:59,30.31628025,78.08226231,6,638.000,,11.640,294,22,33,,
T,2019-04-05 03:11:00,30.31632915,78.08214505,6,638.000,,11.700,293,23,33,,
T,2019-04-05 03:11:01,30.31636923,78.08204436,8,636.000,,11.390,293,23,34,,
T,2019-04-05 03:11:02,30.31642708,78.08194075,8,636.000,,11.060,298,23,34,,
T,2019-04-05 03:11:03,30.31650362,78.08187300,6,636.000,,10.550,303,23,34,,
T,2019-04-05 03:11:04,30.31656944,78.08178873,8,636.000,,10.660,308,23,34,,
T,2019-04-05 03:11:05,30.31663598,78.08170178,6,636.000,,10.090,307,23,34,,
T,2019-04-05 03:11:06,30.31668725,78.08159972,6,638.000,,9.930,306,23,34,,
T,2019-04-05 03:11:07,30.31674111,78.08151702,5,639.000,,9.400,310,23,34,,
T,2019-04-05 03:11:08,30.31679749,78.08144209,5,639.000,,8.410,313,23,34,,
T,2019-04-05 03:11:09,30.31684372,78.08136932,5,639.000,,8.250,309,23,34,,
T,2019-04-05 03:11:10,30.31687544,78.08131905,5,641.000,,6.760,307,23,34,,
T,2019-04-05 03:11:11,30.31691099,78.08126556,6,640.000,,6.840,307,15,21,,
T,2019-04-05 03:11:12,30.31694927,78.08121182,5,640.000,,7.000,311,13,19,,
T,2019-04-05 03:11:13,30.31699228,78.08115326,5,641.000,,6.940,310,9,21,,
T,2019-04-05 03:11:14,30.31703724,78.08109719,5,641.000,,6.930,308,10,20,,
T,2019-04-05 03:11:15,30.31707286,78.08104711,5,641.000,,5.660,310,10,20,,
T,2019-04-05 03:11:16,30.31709464,78.08100432,6,641.000,,5.070,307,11,20,,
T,2019-04-05 03:11:17,30.31711955,78.08098987,5,641.000,,3.320,318,11,34,,
T,2019-04-05 03:11:18,30.31714335,78.08095861,5,642.000,,2.850,319,11,34,,
T,2019-04-05 03:11:19,30.31714323,78.08094809,5,642.000,,0.870,318,12,36,,
T,2019-04-05 03:11:20,30.31715525,78.08096197,5,643.000,,0.150,320,11,21,,
T,2019-04-05 03:11:21,30.31714981,78.08096321,5,641.000,,0.000,,8,20,,
T,2019-04-05 03:11:22,30.31715869,78.08096322,5,641.000,,0.300,320,11,22,,
T,2019-04-05 03:11:23,30.31716085,78.08096287,6,642.000,,0.000,,9,20,,
T,2019-04-05 03:11:24,30.31716018,78.08096034,6,643.000,,0.000,,10,22,,
T,2019-04-05 03:11:25,30.31716579,78.08095211,6,642.000,,1.460,337,10,21,,
T,2019-04-05 03:11:26,30.31717906,78.08091970,6,642.000,,2.600,321,10,22,,
T,2019-04-05 03:11:27,30.31720117,78.08090194,6,642.000,,2.910,323,8,20,,
T,2019-04-05 03:11:28,30.31722962,78.08088157,6,642.000,,3.540,329,8,20,,
T,2019-04-05 03:11:29,30.31726430,78.08087271,6,641.000,,3.890,341,10,21,,
T,2019-04-05 03:11:30,30.31729772,78.08083229,6,642.000,,4.980,326,10,22,,
T,2019-04-05 03:11:31,30.31733876,78.08081043,6,643.000,,5.310,337,9,21,,
T,2019-04-05 03:11:32,30.31738823,78.08081819,8,641.000,,5.330,337,12,22,,
T,2019-04-05 03:11:33,30.31743200,78.08080079,6,641.000,,5.950,331,10,20,,
T,2019-04-05 03:11:34,30.31747774,78.08075692,6,642.000,,6.230,332,11,22,,
T,2019-04-05 03:11:35,30.31752815,78.08070668,6,643.000,,6.560,327,9,19,,
T,2019-04-05 03:11:36,30.31758060,78.08067747,14,642.000,,6.720,332,10,21,,
T,2019-04-05 03:11:37,30.31763660,78.08064009,14,643.000,,7.060,334,8,20,,
T,2019-04-05 03:11:38,30.31769691,78.08059778,14,645.000,,7.150,335,10,22,,
T,2019-04-05 03:11:39,30.31775830,78.08057350,14,644.000,,7.400,335,10,21,,
T,2019-04-05 03:11:40,30.31782023,78.08052878,14,644.000,,7.550,333,10,21,,
T,2019-04-05 03:11:41,30.31788554,78.08049864,5,643.000,,7.660,333,8,20,,
T,2019-04-05 03:11:42,30.31795194,78.08046918,5,643.000,,7.870,335,11,21,,
T,2019-04-05 03:11:43,30.31801617,78.08043414,5,643.000,,7.870,335,11,21,,
T,2019-04-05 03:11:44,30.31807672,78.08039202,5,644.000,,8.300,333,11,21,,
T,2019-04-05 03:11:45,30.31814350,78.08035027,5,644.000,,8.590,332,12,21,,
T,2019-04-05 03:11:46,30.31820984,78.08030105,5,644.000,,8.770,333,11,20,,
T,2019-04-05 03:11:47,30.31825371,78.08027834,5,637.000,,8.740,334,10,19,,
T,2019-04-05 03:11:48,30.31832432,78.08023785,5,636.000,,8.740,334,10,19,,
T,2019-04-05 03:11:49,30.31839765,78.08017949,6,637.000,,9.290,333,11,19,,
T,2019-04-05 03:11:50,30.31848402,78.08013945,6,638.000,,9.380,333,10,20,,
T,2019-04-05 03:11:51,30.31855551,78.08009119,6,642.000,,9.400,332,12,21,,
T,2019-04-05 03:11:52,30.31862976,78.08003872,5,641.000,,9.680,331,11,20,,
T,2019-04-05 03:11:53,30.31870960,78.07998926,5,640.000,,9.840,333,11,20,,
T,2019-04-05 03:11:54,30.31879418,78.07994751,5,639.000,,9.950,335,11,20,,
T,2019-04-05 03:11:55,30.31887557,78.07990384,6,638.000,,9.950,335,11,20,,
T,2019-04-05 03:11:56,30.31895715,78.07985284,5,638.000,,10.000,336,13,20,,
T,2019-04-05 03:11:57,30.31904128,78.07980647,5,637.000,,10.000,336,12,20,,
T,2019-04-05 03:11:58,30.31912357,78.07976371,5,637.000,,10.000,336,12,20,,
T,2019-04-05 03:11:59,30.31920591,78.07971686,5,639.000,,9.840,333,11,19,,
T,2019-04-05 03:12:00,30.31929358,78.07967388,5,641.000,,9.540,336,14,20,,
T,2019-04-05 03:12:01,30.31936065,78.07964802,6,645.000,,8.570,337,9,15,,
T,2019-04-05 03:12:02,30.31943166,78.07961285,8,645.000,,8.570,337,9,15,,
T,2019-04-05 03:12:03,30.31945819,78.07957216,8,646.000,,6.390,321,13,20,,
T,2019-04-05 03:12:04,30.31949848,78.07952895,8,645.000,,5.230,321,13,21,,
T,2019-04-05 03:12:05,30.31953415,78.07950030,8,645.000,,4.060,326,12,20,,
T,2019-04-05 03:12:06,30.31955509,78.07949388,8,643.000,,2.260,327,13,20,,
T,2019-04-05 03:12:07,30.31957214,78.07948122,9,644.000,,2.250,326,13,20,,
T,2019-04-05 03:12:08,30.31958114,78.07948808,8,647.000,,0.000,,11,17,,
T,2019-04-05 03:12:09,30.31958131,78.07948799,8,647.000,,0.000,,11,17,,
T,2019-04-05 03:12:10,30.31958602,78.07948400,8,648.000,,0.000,,8,18,,
T,2019-04-05 03:12:11,30.31958595,78.07948157,8,648.000,,0.000,,8,19,,
T,2019-04-05 03:12:12,30.31958599,78.07948155,8,648.000,,0.000,,8,19,,
T,2019-04-05 03:12:13,30.31959218,78.07947625,8,644.000,,0.000,,8,20,,
T,2019-04-05 03:12:14,30.31959376,78.07947347,8,646.000,,0.000,,10,19,,
T,2019-04-05 03:12:15,30.31959440,78.07947119,8,647.000,,0.000,,10,19,,
T,2019-04-05 03:12:16,30.31960555,78.07946314,8,648.000,,0.760,319,12,20,,
T,2019-04-05 03:12:17,30.31961570,78.07944009,8,648.000,,0.910,314,12,20,,
T,2019-04-05 03:12:18,30.31961226,78.07943394,8,648.000,,0.000,,12,20,,
T,2019-04-05 03:12:19,30.31962061,78.07942165,8,648.000,,0.000,,12,20,,
T,2019-04-05 03:12:20,30.31962062,78.07942166,8,648.000,,0.000,,12,19,,
T,2019-04-05 03:12:21,30.31961936,78.07941539,8,648.000,,0.000,,10,17,,
T,2019-04-05 03:12:22,30.31961936,78.07941538,8,648.000,,0.000,,10,17,,
T,2019-04-05 03:12:23,30.31962395,78.07941220,8,648.000,,0.000,,9,17,,
T,2019-04-05 03:12:24,30.31962247,78.07941130,6,648.000,,0.000,,12,32,,
T,2019-04-05 03:12:25,30.31962200,78.07941685,6,648.000,,0.000,,12,32,,
T,2019-04-05 03:12:26,30.31961083,78.07940561,6,649.000,,0.590,233,16,34,,
T,2019-04-05 03:12:27,30.31962203,78.07938541,6,650.000,,1.370,313,16,20,,
T,2019-04-05 03:12:28,30.31965306,78.07935925,6,651.000,,1.790,317,16,21,,
T,2019-04-05 03:12:29,30.31967853,78.07934897,6,651.000,,2.120,316,14,18,,
T,2019-04-05 03:12:30,30.31968313,78.07931451,6,650.000,,3.660,298,10,18,,
T,2019-04-05 03:12:31,30.31968986,78.07927330,8,649.000,,3.750,296,9,18,,
T,2019-04-05 03:12:32,30.31970695,78.07923114,8,649.000,,4.390,293,9,18,,
T,2019-04-05 03:12:33,30.31972894,78.07917671,8,650.000,,5.350,291,14,34,,
T,2019-04-05 03:12:34,30.31973952,78.07911424,8,650.000,,5.330,283,15,34,,
T,2019-04-05 03:12:35,30.31973187,78.07905923,8,649.000,,4.880,268,16,34,,
T,2019-04-05 03:12:36,30.31971186,78.07901399,6,645.000,,4.670,268,19,35,,
T,2019-04-05 03:12:37,30.31971527,78.07894411,6,645.000,,5.780,266,20,35,,
T,2019-04-05 03:12:38,30.31970999,78.07888406,6,645.000,,6.400,264,21,35,,
T,2019-04-05 03:12:39,30.31969510,78.07882251,5,643.000,,6.810,262,21,35,,
T,2019-04-05 03:12:40,30.31969119,78.07875177,6,643.000,,7.340,265,22,35,,
T,2019-04-05 03:12:41,30.31967427,78.07867983,6,639.000,,7.100,267,23,35,,
T,2019-04-05 03:12:42,30.31966949,78.07862147,6,641.000,,6.590,267,23,35,,
T,2019-04-05 03:12:43,30.31966359,78.07855013,6,640.000,,7.350,270,23,35,,
T,2019-04-05 03:12:44,30.31965605,78.07846637,5,640.000,,7.130,269,23,35,,
T,2019-04-05 03:12:45,30.31965948,78.07839471,5,640.000,,7.010,270,23,35,,
T,2019-04-05 03:12:46,30.31966669,78.07830721,5,640.000,,7.190,270,23,35,,
T,2019-04-05 03:12:47,30.31966784,78.07821192,5,640.000,,7.570,271,23,35,,
T,2019-04-05 03:12:48,30.31967807,78.07813601,5,640.000,,7.580,270,23,35,,
T,2019-04-05 03:12:49,30.31967737,78.07805436,5,641.000,,7.180,266,25,34,,
T,2019-04-05 03:12:50,30.31967550,78.07798260,5,641.000,,7.200,267,25,35,,
T,2019-04-05 03:12:51,30.31967409,78.07790411,5,641.000,,7.300,269,26,35,,
T,2019-04-05 03:12:52,30.31969593,78.07782259,5,641.000,,7.410,272,26,35,,
T,2019-04-05 03:12:53,30.31971366,78.07772449,6,640.000,,7.980,276,27,35,,
T,2019-04-05 03:12:54,30.31971570,78.07764288,6,640.000,,7.860,276,27,35,,
T,2019-04-05 03:12:55,30.31973436,78.07757337,6,640.000,,7.620,280,27,35,,
T,2019-04-05 03:12:56,30.31974708,78.07749136,8,639.000,,7.710,281,27,35,,
T,2019-04-05 03:12:57,30.31976944,78.07740456,6,639.000,,8.260,285,27,35,,
T,2019-04-05 03:12:58,30.31980775,78.07733361,5,638.000,,8.510,290,27,35,,
T,2019-04-05 03:12:59,30.31982451,78.07726635,5,637.000,,8.510,291,27,35,,
T,2019-04-05 03:13:00,30.31987009,78.07719340,5,637.000,,8.470,294,27,35,,
T,2019-04-05 03:13:01,30.31990888,78.07709738,5,637.000,,8.970,298,27,35,,
T,2019-04-05 03:13:02,30.31994388,78.07701845,5,636.000,,9.080,295,27,35,,
T,2019-04-05 03:13:03,30.31998027,78.07693112,5,635.000,,9.380,299,27,35,,
T,2019-04-05 03:13:04,30.32001570,78.07684837,5,634.000,,9.310,299,27,35,,
T,2019-04-05 03:13:05,30.32005952,78.07675589,5,634.000,,9.560,301,27,35,,
T,2019-04-05 03:13:06,30.32010590,78.07667230,5,634.000,,9.720,303,27,35,,
T,2019-04-05 03:13:07,30.32015389,78.07658410,5,635.000,,9.860,304,17,19,,
T,2019-04-05 03:13:08,30.32020301,78.07650287,5,634.000,,9.770,305,12,18,,
T,2019-04-05 03:13:09,30.32025321,78.07641934,5,633.000,,9.770,305,12,18,,
T,2019-04-05 03:13:10,30.32029851,78.07633531,5,633.000,,9.600,305,13,19,,
T,2019-04-05 03:13:11,30.32034062,78.07625620,5,632.000,,9.390,302,12,19,,
T,2019-04-05 03:13:12,30.32038357,78.07616566,5,633.000,,9.330,301,12,19,,
T,2019-04-05 03:13:13,30.32042638,78.07607561,5,634.000,,9.310,298,14,19,,
T,2019-04-05 03:13:14,30.32046249,78.07598212,5,635.000,,9.150,297,14,19,,
T,2019-04-05 03:13:15,30.32048672,78.07590667,6,634.000,,8.830,296,12,18,,
T,2019-04-05 03:13:16,30.32054037,78.07582778,8,635.000,,9.070,297,10,17,,
T,2019-04-05 03:13:17,30.32058938,78.07573189,8,634.000,,8.950,296,12,19,,
T,2019-04-05 03:13:18,30.32061371,78.07566321,8,633.000,,8.130,293,12,19,,
T,2019-04-05 03:13:19,30.32063746,78.07560036,8,632.000,,7.880,292,12,18,,
T,2019-04-05 03:13:20,30.32066456,78.07552460,11,632.000,,7.880,292,12,19,,
T,2019-04-05 03:13:21,30.32067289,78.07546679,6,633.000,,7.110,293,12,19,,
T,2019-04-05 03:13:22,30.32068785,78.07539991,8,633.000,,6.480,293,12,17,,
T,2019-04-05 03:13:23,30.32071540,78.07534764,8,634.000,,6.190,294,12,17,,
T,2019-04-05 03:13:24,30.32075788,78.07529600,9,633.000,,6.230,296,10,17,,
T,2019-04-05 03:13:25,30.32078295,78.07523773,11,633.000,,6.240,296,10,17,,
T,2019-04-05 03:13:26,30.32081125,78.07516199,9,633.000,,6.660,297,10,17,,
T,2019-04-05 03:13:27,30.32083825,78.07510007,12,633.000,,6.660,297,10,16,,
T,2019-04-05 03:13:28,30.32085739,78.07504220,9,631.000,,6.680,297,15,33,,
T,2019-04-05 03:13:29,30.32090155,78.07496521,9,632.000,,7.640,296,15,33,,
T,2019-04-05 03:13:30,30.32089318,78.07488563,8,630.000,,8.240,291,16,34,,
T,2019-04-05 03:13:31,30.32093338,78.07480187,6,629.000,,8.520,291,14,19,,
T,2019-04-05 03:13:32,30.32097500,78.07470967,6,629.000,,8.680,291,12,18,,
T,2019-04-05 03:13:33,30.32099444,78.07461173,8,629.000,,8.750,290,12,19,,
T,2019-04-05 03:13:34,30.32100950,78.07453629,8,630.000,,8.340,289,14,19,,
T,2019-04-05 03:13:35,30.32103424,78.07444971,8,629.000,,8.530,290,13,19,,
T,2019-04-05 03:13:36,30.32107895,78.07436367,8,629.000,,8.840,293,12,16,,
T,2019-04-05 03:13:37,30.32112295,78.07426721,9,628.000,,9.390,293,12,17,,
T,2019-04-05 03:13:38,30.32115383,78.07417575,9,628.000,,9.540,292,14,20,,
T,2019-04-05 03:13:39,30.32119068,78.07408115,9,628.000,,9.390,292,11,16,,
T,2019-04-05 03:13:40,30.32122659,78.07397778,8,627.000,,9.830,296,12,19,,
T,2019-04-05 03:13:41,30.32125908,78.07389124,8,627.000,,9.610,295,13,20,,
T,2019-04-05 03:13:42,30.32129823,78.07380102,8,626.000,,9.440,300,11,17,,
T,2019-04-05 03:13:43,30.32135345,78.07371048,8,626.000,,8.980,298,12,19,,
T,2019-04-05 03:13:44,30.32139596,78.07363164,8,627.000,,8.090,298,11,17,,
T,2019-04-05 03:13:45,30.32143026,78.07355731,9,627.000,,8.090,298,11,17,,
T,2019-04-05 03:13:46,30.32146952,78.07348657,9,626.000,,7.750,294,10,15,,
T,2019-04-05 03:13:47,30.32149780,78.07341277,11,626.000,,7.750,294,10,15,,
T,2019-04-05 03:13:48,30.32149615,78.07332371,9,626.000,,7.950,275,10,15,,
T,2019-04-05 03:13:49,30.32150200,78.07324127,11,626.000,,7.950,275,12,18,,
T,2019-04-05 03:13:50,30.32149200,78.07317245,9,627.000,,7.360,260,12,33,,
T,2019-04-05 03:13:51,30.32146321,78.07310473,11,627.000,,7.540,255,15,34,,
T,2019-04-05 03:13:52,30.32142286,78.07303418,9,627.000,,7.510,250,15,34,,
T,2019-04-05 03:13:53,30.32139192,78.07296520,8,625.000,,6.520,250,15,34,,
T,2019-04-05 03:13:54,30.32135925,78.07290891,9,625.000,,6.470,246,15,34,,
T,2019-04-05 03:13:55,30.32133585,78.07285556,12,625.000,,6.250,245,15,34,,
T,2019-04-05 03:13:56,30.32131468,78.07277084,11,625.000,,6.650,246,20,34,,
T,2019-04-05 03:13:57,30.32129789,78.07271106,9,624.000,,6.610,249,22,34,,
T,2019-04-05 03:13:58,30.32126830,78.07262148,9,624.000,,7.250,247,24,34,,
T,2019-04-05 03:13:59,30.32123438,78.07253884,8,623.000,,7.590,247,26,34,,
T,2019-04-05 03:14:00,30.32121644,78.07247526,8,624.000,,7.870,252,27,34,,
T,2019-04-05 03:14:01,30.32120839,78.07240108,8,624.000,,7.630,264,28,34,,
T,2019-04-05 03:14:02,30.32122119,78.07233419,6,625.000,,7.050,276,29,34,,
T,2019-04-05 03:14:03,30.32123198,78.07223195,6,625.000,,7.940,281,29,34,,
T,2019-04-05 03:14:04,30.32127042,78.07215823,6,626.000,,8.420,292,29,34,,
T,2019-04-05 03:14:05,30.32130912,78.07207331,6,626.000,,9.060,294,29,34,,
T,2019-04-05 03:14:06,30.32134078,78.07199812,6,625.000,,8.840,299,29,34,,
T,2019-04-05 03:14:07,30.32139118,78.07190733,6,626.000,,9.540,304,29,34,,
T,2019-04-05 03:14:08,30.32144214,78.07182188,5,624.000,,9.800,307,29,34,,
T,2019-04-05 03:14:09,30.32150406,78.07173843,5,624.000,,10.170,309,28,34,,
T,2019-04-05 03:14:10,30.32155835,78.07165456,14,623.000,,10.290,310,28,34,,
T,2019-04-05 03:14:11,30.32161823,78.07157717,14,625.000,,10.150,312,28,34,,
T,2019-04-05 03:14:12,30.32168534,78.07151079,14,624.000,,10.400,315,28,34,,
T,2019-04-05 03:14:13,30.32175478,78.07143222,14,624.000,,10.360,317,29,34,,
T,2019-04-05 03:14:14,30.32184330,78.07135271,14,624.000,,10.870,320,29,34,,
T,2019-04-05 03:14:15,30.32189831,78.07129644,14,624.000,,9.280,320,29,34,,
T,2019-04-05 03:14:16,30.32195781,78.07123457,14,625.000,,9.170,321,29,35,,
T,2019-04-05 03:14:17,30.32201642,78.07119279,14,625.000,,8.560,325,29,35,,
T,2019-04-05 03:14:18,30.32208830,78.07114307,14,624.000,,8.770,325,29,35,,
T,2019-04-05 03:14:19,30.32212171,78.07108836,14,624.000,,8.030,318,29,35,,
T,2019-04-05 03:14:20,30.32216284,78.07103605,14,623.000,,7.920,318,29,35,,
T,2019-04-05 03:14:21,30.32220634,78.07097617,14,622.000,,8.500,318,29,35,,
T,2019-04-05 03:14:22,30.32226511,78.07091762,14,622.000,,7.900,318,29,35,,
T,2019-04-05 03:14:23,30.32231699,78.07085889,14,623.000,,7.970,316,29,35,,
