type,time,latitude,longitude,accuracy (m),altitude (m),geoid_height (m),speed (m/s),bearing (deg),sat_used,sat_inview,name,desc
T,2019-04-08 02:59:46,30.29764288,78.09875162,8,610.000,,5.500,350,18,33,20190408-082946,GPS Logger: 20190408-082946
T,2019-04-08 02:59:47,30.29771243,78.09870849,6,608.000,,5.750,351,23,34,,
T,2019-04-08 02:59:48,30.29776570,78.09870012,6,608.000,,5.870,351,24,34,,
T,2019-04-08 02:59:49,30.29782004,78.09869037,6,609.000,,6.140,351,24,34,,
T,2019-04-08 02:59:50,30.29787927,78.09867113,6,610.000,,6.590,347,25,34,,
T,2019-04-08 02:59:51,30.29794019,78.09864513,5,610.000,,6.870,343,25,34,,
T,2019-04-08 02:59:52,30.29801916,78.09859812,6,609.000,,6.710,347,25,35,,
T,2019-04-08 02:59:53,30.29808446,78.09858185,5,609.000,,7.290,347,25,35,,
T,2019-04-08 02:59:54,30.29815946,78.09856597,6,609.000,,7.630,348,25,35,,
T,2019-04-08 02:59:55,30.29823786,78.09855542,5,610.000,,7.370,352,25,35,,
T,2019-04-08 02:59:56,30.29830418,78.09854500,5,610.000,,7.200,353,25,35,,
T,2019-04-08 02:59:57,30.29837106,78.09851972,5,610.000,,7.090,348,25,35,,
T,2019-04-08 02:59:58,30.29844485,78.09851704,6,611.000,,7.280,353,25,35,,
T,2019-04-08 02:59:59,30.29851198,78.09851712,5,611.000,,7.860,356,17,22,,
T,2019-04-08 03:00:00,30.29860106,78.09848687,5,612.000,,8.220,352,8,17,,
T,2019-04-08 03:00:01,30.29870140,78.09844685,6,611.000,,8.520,349,9,22,,
T,2019-04-08 03:00:02,30.29876232,78.09844244,5,612.000,,8.550,352,9,22,,
T,2019-04-08 03:00:03,30.29883960,78.09843116,5,613.000,,8.840,351,9,22,,
T,2019-04-08 03:00:04,30.29891493,78.09842398,6,613.000,,9.030,352,10,22,,
T,2019-04-08 03:00:05,30.29899797,78.09840964,6,613.000,,9.300,353,9,19,,
T,2019-04-08 03:00:06,30.29907827,78.09840500,6,613.000,,9.370,354,9,21,,
T,2019-04-08 03:00:07,30.29917164,78.09836477,8,613.000,,9.560,350,8,20,,
T,2019-04-08 03:00:08,30.29925537,78.09834781,8,613.000,,9.520,350,8,21,,
T,2019-04-08 03:00:09,30.29933925,78.09833628,8,611.000,,9.320,350,9,22,,
T,2019-04-08 03:00:10,30.29940478,78.09834314,8,612.000,,9.160,350,7,19,,
T,2019-04-08 03:00:11,30.29949729,78.09830828,8,611.000,,8.990,350,9,21,,
T,2019-04-08 03:00:12,30.29956080,78.09830236,9,610.000,,8.720,351,9,21,,
T,2019-04-08 03:00:13,30.29963847,78.09828761,9,610.000,,8.720,352,9,21,,
T,2019-04-08 03:00:14,30.29972869,78.09825725,9,610.000,,8.040,353,9,21,,
T,2019-04-08 03:00:15,30.29980049,78.09824513,9,610.000,,8.030,350,8,20,,
T,2019-04-08 03:00:16,30.29986765,78.09822914,11,609.000,,8.010,350,10,21,,
T,2019-04-08 03:00:17,30.29991764,78.09822894,11,610.000,,7.530,351,11,22,,
T,2019-04-08 03:00:18,30.29997814,78.09820978,9,610.000,,7.230,351,11,22,,
T,2019-04-08 03:00:19,30.30004232,78.09819631,11,610.000,,7.230,351,9,20,,
T,2019-04-08 03:00:20,30.30008323,78.09818987,9,611.000,,6.440,353,8,20,,
T,2019-04-08 03:00:21,30.30013205,78.09818884,9,610.000,,6.630,355,10,22,,
T,2019-04-08 03:00:22,30.30019154,78.09818274,9,611.000,,6.610,354,10,22,,
T,2019-04-08 03:00:23,30.30024917,78.09821590,9,613.000,,6.610,353,10,20,,
T,2019-04-08 03:00:24,30.30031139,78.09821517,9,614.000,,6.920,352,10,20,,
T,2019-04-08 03:00:25,30.30037294,78.09820498,9,613.000,,6.900,353,9,20,,
T,2019-04-08 03:00:26,30.30044251,78.09818576,8,614.000,,7.460,353,12,22,,
T,2019-04-08 03:00:27,30.30051168,78.09818071,8,614.000,,7.690,353,12,22,,
T,2019-04-08 03:00:28,30.30056753,78.09816520,8,613.000,,8.160,352,10,22,,
T,2019-04-08 03:00:29,30.30065059,78.09811556,9,614.000,,8.320,350,10,22,,
T,2019-04-08 03:00:30,30.30072427,78.09809786,12,615.000,,8.330,349,9,21,,
T,2019-04-08 03:00:31,30.30080478,78.09809968,11,615.000,,8.460,350,9,21,,
T,2019-04-08 03:00:32,30.30090274,78.09806105,9,615.000,,8.740,350,10,20,,
T,2019-04-08 03:00:33,30.30097594,78.09806956,9,616.000,,9.070,351,10,20,,
T,2019-04-08 03:00:34,30.30105661,78.09805315,9,617.000,,9.070,352,11,21,,
T,2019-04-08 03:00:35,30.30115014,78.09802811,9,618.000,,9.570,351,11,21,,
T,2019-04-08 03:00:36,30.30120327,78.09806535,8,618.000,,8.820,356,11,21,,
T,2019-04-08 03:00:37,30.30129214,78.09806281,8,619.000,,9.640,357,11,21,,
T,2019-04-08 03:00:38,30.30137351,78.09808343,6,619.000,,9.400,360,10,19,,
T,2019-04-08 03:00:39,30.30145261,78.09808293,6,620.000,,8.780,360,10,19,,
T,2019-04-08 03:00:40,30.30150086,78.09809045,6,620.000,,7.520,0,8,19,,
T,2019-04-08 03:00:41,30.30156864,78.09809138,6,619.000,,7.510,1,8,19,,
T,2019-04-08 03:00:42,30.30161167,78.09810566,5,619.000,,6.860,3,8,19,,
T,2019-04-08 03:00:43,30.30167996,78.09809683,6,620.000,,7.150,1,10,19,,
T,2019-04-08 03:00:44,30.30174274,78.09807193,6,619.000,,6.800,360,9,18,,
T,2019-04-08 03:00:45,30.30181605,78.09807302,6,619.000,,6.630,1,9,18,,
T,2019-04-08 03:00:46,30.30189131,78.09803894,6,619.000,,6.590,14,10,19,,
T,2019-04-08 03:00:47,30.30194910,78.09805425,6,620.000,,6.560,7,10,19,,
T,2019-04-08 03:00:48,30.30202379,78.09806801,6,619.000,,6.910,2,10,19,,
T,2019-04-08 03:00:49,30.30208251,78.09807504,6,618.000,,7.160,1,12,20,,
T,2019-04-08 03:00:50,30.30213009,78.09807553,6,617.000,,6.680,1,9,18,,
T,2019-04-08 03:00:51,30.30218796,78.09808560,6,617.000,,5.790,8,10,20,,
T,2019-04-08 03:00:52,30.30223982,78.09809284,6,617.000,,5.780,14,8,19,,
T,2019-04-08 03:00:53,30.30228784,78.09812076,6,617.000,,5.350,18,8,19,,
T,2019-04-08 03:00:54,30.30234492,78.09811561,6,616.000,,5.460,10,11,20,,
T,2019-04-08 03:00:55,30.30240039,78.09811117,6,615.000,,5.310,5,10,19,,
T,2019-04-08 03:00:56,30.30245894,78.09810409,6,616.000,,5.550,358,12,20,,
T,2019-04-08 03:00:57,30.30250775,78.09810092,6,616.000,,5.880,357,9,20,,
T,2019-04-08 03:00:58,30.30255182,78.09810763,6,615.000,,6.120,358,9,20,,
T,2019-04-08 03:00:59,30.30259637,78.09812657,6,614.000,,6.310,2,9,19,,
T,2019-04-08 03:01:00,30.30265894,78.09813807,6,614.000,,6.500,3,9,19,,
T,2019-04-08 03:01:01,30.30271550,78.09813890,6,615.000,,6.130,5,16,35,,
T,2019-04-08 03:01:02,30.30277263,78.09813249,6,614.000,,5.380,5,16,36,,
T,2019-04-08 03:01:03,30.30280649,78.09812655,6,615.000,,3.950,6,16,36,,
T,2019-04-08 03:01:04,30.30282647,78.09812842,5,615.000,,2.750,4,22,36,,
T,2019-04-08 03:01:05,30.30285037,78.09812900,5,614.000,,1.990,5,21,36,,
T,2019-04-08 03:01:06,30.30287158,78.09813255,5,614.000,,2.290,7,24,36,,
T,2019-04-08 03:01:07,30.30290126,78.09813280,5,614.000,,2.940,9,24,36,,
T,2019-04-08 03:01:08,30.30293028,78.09813749,5,614.000,,3.350,6,24,36,,
T,2019-04-08 03:01:09,30.30297613,78.09813584,5,614.000,,4.210,5,24,36,,
T,2019-04-08 03:01:10,30.30301799,78.09814330,5,615.000,,4.720,5,24,36,,
T,2019-04-08 03:01:11,30.30306848,78.09814905,5,615.000,,5.460,5,24,36,,
T,2019-04-08 03:01:12,30.30312665,78.09814212,5,615.000,,5.630,4,24,36,,
T,2019-04-08 03:01:13,30.30318802,78.09813630,5,615.000,,5.960,4,24,36,,
T,2019-04-08 03:01:14,30.30325073,78.09813470,5,614.000,,6.140,3,23,36,,
T,2019-04-08 03:01:15,30.30331363,78.09813071,5,614.000,,6.790,2,24,36,,
T,2019-04-08 03:01:16,30.30338006,78.09813411,5,613.000,,7.160,2,24,36,,
T,2019-04-08 03:01:17,30.30343562,78.09814338,5,613.000,,7.470,2,23,36,,
T,2019-04-08 03:01:18,30.30351062,78.09814280,5,613.000,,8.120,0,11,20,,
T,2019-04-08 03:01:19,30.30358576,78.09813797,5,613.000,,7.980,2,10,22,,
T,2019-04-08 03:01:20,30.30365383,78.09814171,5,613.000,,7.200,1,10,23,,
T,2019-04-08 03:01:21,30.30372425,78.09813340,5,613.000,,7.220,358,10,23,,
T,2019-04-08 03:01:22,30.30378856,78.09813079,5,613.000,,7.270,360,9,23,,
T,2019-04-08 03:01:23,30.30384819,78.09812331,5,613.000,,7.380,0,9,23,,
T,2019-04-08 03:01:24,30.30391421,78.09812499,5,613.000,,7.330,4,10,21,,
T,2019-04-08 03:01:25,30.30398016,78.09813022,5,613.000,,7.320,6,10,21,,
T,2019-04-08 03:01:26,30.30404976,78.09812878,5,613.000,,7.790,6,10,21,,
T,2019-04-08 03:01:27,30.30412568,78.09811202,5,613.000,,7.730,2,9,22,,
T,2019-04-08 03:01:28,30.30419949,78.09811029,5,613.000,,7.940,1,11,23,,
T,2019-04-08 03:01:29,30.30427111,78.09811339,6,613.000,,7.940,2,9,21,,
T,2019-04-08 03:01:30,30.30433707,78.09811432,6,613.000,,7.550,3,9,21,,
T,2019-04-08 03:01:31,30.30439474,78.09810592,6,614.000,,6.070,4,9,22,,
T,2019-04-08 03:01:32,30.30444242,78.09811529,6,613.000,,4.590,4,9,22,,
T,2019-04-08 03:01:33,30.30447913,78.09811531,6,613.000,,3.660,4,10,23,,
T,2019-04-08 03:01:34,30.30451208,78.09811788,8,613.000,,3.660,5,9,22,,
T,2019-04-08 03:01:35,30.30453531,78.09812282,6,614.000,,3.250,4,9,22,,
T,2019-04-08 03:01:36,30.30457101,78.09811864,6,614.000,,3.760,6,10,21,,
T,2019-04-08 03:01:37,30.30461022,78.09811941,6,614.000,,4.130,3,10,21,,
T,2019-04-08 03:01:38,30.30464076,78.09812304,6,613.000,,4.090,5,10,21,,
T,2019-04-08 03:01:39,30.30467577,78.09812718,6,614.000,,4.330,3,10,22,,
T,2019-04-08 03:01:40,30.30471483,78.09812929,6,614.000,,4.330,2,10,22,,
T,2019-04-08 03:01:41,30.30474190,78.09813142,6,614.000,,3.640,2,10,22,,
T,2019-04-08 03:01:42,30.30472832,78.09813112,5,614.000,,0.000,,10,23,,
T,2019-04-08 03:01:43,30.30474031,78.09813439,5,614.000,,1.480,12,6,36,,
T,2019-04-08 03:01:44,30.30475960,78.09813405,5,614.000,,2.040,357,14,33,,
T,2019-04-08 03:01:45,30.30478497,78.09813213,5,614.000,,2.570,358,14,33,,
T,2019-04-08 03:01:46,30.30481598,78.09813019,5,614.000,,3.100,0,20,33,,
T,2019-04-08 03:01:47,30.30485070,78.09813089,5,613.000,,3.730,0,20,34,,
T,2019-04-08 03:01:48,30.30489225,78.09813083,5,613.000,,4.440,1,20,34,,
T,2019-04-08 03:01:49,30.30494850,78.09814279,6,611.000,,4.700,4,22,34,,
T,2019-04-08 03:01:50,30.30499717,78.09815093,6,612.000,,5.110,2,22,34,,
T,2019-04-08 03:01:51,30.30504343,78.09815521,5,612.000,,5.080,3,23,35,,
T,2019-04-08 03:01:52,30.30510167,78.09815608,5,612.000,,5.500,359,24,35,,
T,2019-04-08 03:01:53,30.30515815,78.09815691,5,612.000,,5.650,1,24,35,,
T,2019-04-08 03:01:54,30.30521176,78.09814968,5,613.000,,6.080,358,24,35,,
T,2019-04-08 03:01:55,30.30526248,78.09815614,5,613.000,,6.210,357,24,35,,
T,2019-04-08 03:01:56,30.30531705,78.09815261,5,613.000,,6.190,355,24,35,,
T,2019-04-08 03:01:57,30.30537576,78.09815043,5,614.000,,5.940,358,24,35,,
T,2019-04-08 03:01:58,30.30542675,78.09814035,5,615.000,,6.110,350,24,35,,
T,2019-04-08 03:01:59,30.30547152,78.09813048,5,615.000,,5.400,347,24,35,,
T,2019-04-08 03:02:00,30.30551915,78.09811757,6,616.000,,5.410,347,14,21,,
T,2019-04-08 03:02:01,30.30556256,78.09812448,6,617.000,,4.440,359,14,21,,
T,2019-04-08 03:02:02,30.30560266,78.09812384,9,617.000,,4.440,359,8,19,,
T,2019-04-08 03:02:03,30.30560256,78.09808974,6,617.000,,1.380,334,8,19,,
T,2019-04-08 03:02:04,30.30561333,78.09808251,6,617.000,,1.380,334,10,20,,
T,2019-04-08 03:02:05,30.30560469,78.09808344,9,618.000,,0.000,,8,20,,
T,2019-04-08 03:02:06,30.30560640,78.09808196,11,619.000,,0.000,,8,20,,
T,2019-04-08 03:02:07,30.30561014,78.09808036,12,620.000,,0.000,,9,20,,
T,2019-04-08 03:02:08,30.30560934,78.09808138,9,620.000,,0.000,,8,19,,
T,2019-04-08 03:02:09,30.30560942,78.09808336,9,621.000,,0.000,,8,19,,
T,2019-04-08 03:02:10,30.30560898,78.09808118,9,621.000,,0.000,,9,20,,
T,2019-04-08 03:02:11,30.30560419,78.09807953,9,621.000,,0.000,,10,20,,
T,2019-04-08 03:02:12,30.30560460,78.09807796,9,622.000,,0.000,,9,19,,
T,2019-04-08 03:02:13,30.30560458,78.09807796,9,622.000,,0.000,,9,20,,
T,2019-04-08 03:02:14,30.30560613,78.09807673,9,622.000,,0.000,,9,20,,
T,2019-04-08 03:02:15,30.30560633,78.09807961,9,622.000,,0.000,,8,18,,
T,2019-04-08 03:02:16,30.30560573,78.09808126,9,622.000,,0.000,,8,18,,
T,2019-04-08 03:02:17,30.30560583,78.09808122,9,623.000,,0.000,,9,20,,
T,2019-04-08 03:02:18,30.30560583,78.09808148,9,623.000,,0.000,,8,19,,
T,2019-04-08 03:02:19,30.30560583,78.09808147,9,623.000,,0.000,,7,19,,
T,2019-04-08 03:02:20,30.30560598,78.09808137,9,623.000,,0.000,,7,19,,
T,2019-04-08 03:02:21,30.30560596,78.09808134,9,623.000,,0.000,,7,19,,
T,2019-04-08 03:02:22,30.30560602,78.09808130,9,619.000,,0.000,,7,20,,
T,2019-04-08 03:02:23,30.30560610,78.09808127,11,620.000,,0.000,,7,20,,
T,2019-04-08 03:02:24,30.30560605,78.09808145,12,620.000,,0.000,,7,20,,
T,2019-04-08 03:02:25,30.30560615,78.09808135,12,621.000,,0.000,,7,20,,
T,2019-04-08 03:02:26,30.30560613,78.09808140,12,621.000,,0.000,,7,20,,
T,2019-04-08 03:02:27,30.30560616,78.09808158,15,621.000,,0.000,,7,20,,
T,2019-04-08 03:02:28,30.30560616,78.09808172,15,621.000,,0.000,,7,20,,
T,2019-04-08 03:02:29,30.30560616,78.09808172,15,622.000,,0.000,,7,20,,
T,2019-04-08 03:02:30,30.30560619,78.09808194,14,622.000,,0.000,,7,20,,
T,2019-04-08 03:02:31,30.30560618,78.09808213,14,622.000,,0.000,,7,19,,
T,2019-04-08 03:02:32,30.30560618,78.09808230,14,622.000,,0.000,,7,20,,
T,2019-04-08 03:02:33,30.30560616,78.09808238,12,622.000,,0.000,,8,20,,
T,2019-04-08 03:02:34,30.30560619,78.09808237,11,623.000,,0.000,,7,19,,
T,2019-04-08 03:02:35,30.30560619,78.09808236,11,618.000,,0.000,,8,20,,
T,2019-04-08 03:02:36,30.30560628,78.09808235,11,619.000,,0.000,,8,20,,
T,2019-04-08 03:02:37,30.30560628,78.09808234,11,620.000,,0.000,,9,19,,
T,2019-04-08 03:02:38,30.30560630,78.09808226,11,621.000,,0.000,,7,20,,
T,2019-04-08 03:02:39,30.30560630,78.09808223,11,621.000,,0.000,,7,20,,
T,2019-04-08 03:02:40,30.30560630,78.09808222,11,622.000,,0.000,,8,20,,
T,2019-04-08 03:02:41,30.30560635,78.09808245,11,622.000,,0.000,,8,20,,
T,2019-04-08 03:02:42,30.30560635,78.09808244,11,619.000,,0.000,,7,19,,
T,2019-04-08 03:02:43,30.30560641,78.09808243,11,620.000,,0.000,,10,19,,
T,2019-04-08 03:02:44,30.30560657,78.09808231,9,621.000,,0.000,,10,19,,
T,2019-04-08 03:02:45,30.30560657,78.09808231,9,619.000,,0.000,,10,18,,
T,2019-04-08 03:02:46,30.30560666,78.09808226,8,621.000,,0.000,,10,18,,
T,2019-04-08 03:02:47,30.30562943,78.09804950,8,622.000,,1.200,326,10,20,,
T,2019-04-08 03:02:48,30.30563837,78.09804238,9,620.000,,1.200,326,10,20,,
T,2019-04-08 03:02:49,30.30566145,78.09801707,8,621.000,,1.230,319,10,20,,
T,2019-04-08 03:02:50,30.30567372,78.09800628,6,622.000,,1.300,310,13,20,,
T,2019-04-08 03:02:51,30.30568491,78.09799419,8,623.000,,0.930,301,11,18,,
T,2019-04-08 03:02:52,30.30571119,78.09797509,6,624.000,,1.040,288,10,19,,
T,2019-04-08 03:02:53,30.30571386,78.09796487,8,624.000,,1.040,276,10,19,,
T,2019-04-08 03:02:54,30.30571446,78.09794975,8,625.000,,1.870,257,10,19,,
T,2019-04-08 03:02:55,30.30570874,78.09792587,8,625.000,,2.390,245,10,18,,
T,2019-04-08 03:02:56,30.30569413,78.09790040,8,626.000,,2.850,239,10,18,,
T,2019-04-08 03:02:57,30.30567162,78.09787209,6,626.000,,3.990,224,9,19,,
T,2019-04-08 03:02:58,30.30563386,78.09783941,6,626.000,,3.990,217,10,19,,
T,2019-04-08 03:02:59,30.30561511,78.09781307,6,626.000,,4.430,218,10,19,,
T,2019-04-08 03:03:00,30.30558365,78.09777468,6,627.000,,5.380,221,12,19,,
T,2019-04-08 03:03:01,30.30554232,78.09772411,6,625.000,,5.660,221,12,19,,
T,2019-04-08 03:03:02,30.30550448,78.09768504,8,623.000,,5.650,222,13,21,,
T,2019-04-08 03:03:03,30.30544604,78.09762576,6,623.000,,6.660,222,13,21,,
T,2019-04-08 03:03:04,30.30540024,78.09758100,8,623.000,,6.650,220,12,19,,
T,2019-04-08 03:03:05,30.30534889,78.09751745,6,622.000,,7.550,221,12,19,,
T,2019-04-08 03:03:06,30.30529661,78.09746710,6,621.000,,7.540,221,9,19,,
T,2019-04-08 03:03:07,30.30523903,78.09741169,6,622.000,,8.130,220,8,20,,
T,2019-04-08 03:03:08,30.30518388,78.09735669,8,623.000,,8.110,222,8,20,,
T,2019-04-08 03:03:09,30.30512780,78.09729208,6,624.000,,8.960,222,8,20,,
T,2019-04-08 03:03:10,30.30506648,78.09723120,6,622.000,,8.960,221,12,20,,
T,2019-04-08 03:03:11,30.30503998,78.09719245,8,624.000,,8.360,223,10,20,,
T,2019-04-08 03:03:12,30.30498106,78.09711019,9,619.000,,8.630,222,10,20,,
T,2019-04-08 03:03:13,30.30492264,78.09704960,11,618.000,,8.660,221,11,20,,
T,2019-04-08 03:03:14,30.30473501,78.09696928,11,621.000,,10.220,215,11,20,,
T,2019-04-08 03:03:15,30.30468757,78.09691979,11,623.000,,9.460,216,9,20,,
T,2019-04-08 03:03:16,30.30466125,78.09688791,12,627.000,,7.750,217,10,19,,
T,2019-04-08 03:03:17,30.30463057,78.09684488,12,628.000,,6.330,218,12,21,,
T,2019-04-08 03:03:18,30.30460943,78.09681339,12,629.000,,4.500,220,11,19,,
T,2019-04-08 03:03:19,30.30458245,78.09679064,14,629.000,,3.240,219,11,19,,
T,2019-04-08 03:03:20,30.30453628,78.09677828,9,627.000,,1.260,220,11,19,,
T,2019-04-08 03:03:21,30.30453835,78.09676562,9,626.000,,1.300,221,12,20,,
T,2019-04-08 03:03:22,30.30454074,78.09675040,9,626.000,,1.630,226,14,21,,
T,2019-04-08 03:03:23,30.30454236,78.09673000,9,626.000,,2.260,226,11,18,,
T,2019-04-08 03:03:24,30.30454139,78.09670753,8,624.000,,2.420,245,11,18,,
T,2019-04-08 03:03:25,30.30454710,78.09668617,8,623.000,,3.200,255,12,21,,
T,2019-04-08 03:03:26,30.30457135,78.09666129,8,623.000,,3.940,283,13,21,,
T,2019-04-08 03:03:27,30.30457597,78.09661929,8,623.000,,4.220,296,13,21,,
T,2019-04-08 03:03:28,30.30459811,78.09657740,6,622.000,,4.740,305,10,16,,
T,2019-04-08 03:03:29,30.30463927,78.09652811,6,622.000,,5.420,309,7,18,,
T,2019-04-08 03:03:30,30.30463450,78.09648530,6,622.000,,5.210,305,10,21,,
T,2019-04-08 03:03:31,30.30465236,78.09643825,6,622.000,,5.550,306,8,19,,
T,2019-04-08 03:03:32,30.30468270,78.09638994,6,621.000,,5.830,305,8,19,,
T,2019-04-08 03:03:33,30.30470917,78.09633785,5,621.000,,6.070,306,8,19,,
T,2019-04-08 03:03:34,30.30474484,78.09628518,5,622.000,,6.420,305,10,19,,
T,2019-04-08 03:03:35,30.30478480,78.09622545,6,623.000,,6.730,302,9,19,,
T,2019-04-08 03:03:36,30.30480706,78.09616018,6,622.000,,6.810,301,9,19,,
T,2019-04-08 03:03:37,30.30481866,78.09610586,6,621.000,,6.150,289,9,19,,
T,2019-04-08 03:03:38,30.30484142,78.09604581,6,621.000,,6.120,297,9,19,,
T,2019-04-08 03:03:39,30.30486769,78.09599098,8,620.000,,6.080,311,9,19,,
T,2019-04-08 03:03:40,30.30490603,78.09595368,8,620.000,,6.180,322,13,21,,
T,2019-04-08 03:03:41,30.30495853,78.09591263,6,619.000,,6.670,331,11,19,,
T,2019-04-08 03:03:42,30.30501955,78.09587905,6,617.000,,6.550,332,11,19,,
T,2019-04-08 03:03:43,30.30506684,78.09583936,6,617.000,,7.060,332,9,18,,
T,2019-04-08 03:03:44,30.30509024,78.09581129,6,615.000,,6.620,333,10,19,,
T,2019-04-08 03:03:45,30.30515805,78.09579910,8,616.000,,7.100,348,12,19,,
T,2019-04-08 03:03:46,30.30520556,78.09579417,6,614.000,,6.930,0,13,21,,
T,2019-04-08 03:03:47,30.30526625,78.09578068,8,615.000,,7.070,10,13,19,,
T,2019-04-08 03:03:48,30.30531504,78.09581279,8,614.000,,6.370,19,13,19,,
T,2019-04-08 03:03:49,30.30538127,78.09582713,6,614.000,,6.420,15,11,18,,
T,2019-04-08 03:03:50,30.30543499,78.09582949,8,614.000,,5.870,10,11,18,,
T,2019-04-08 03:03:51,30.30549990,78.09583072,8,616.000,,5.770,5,9,19,,
T,2019-04-08 03:03:52,30.30554034,78.09582127,9,617.000,,5.280,353,12,19,,
T,2019-04-08 03:03:53,30.30559461,78.09578128,9,616.000,,5.850,327,12,19,,
T,2019-04-08 03:03:54,30.30563980,78.09572353,8,616.000,,5.990,301,8,17,,
T,2019-04-08 03:03:55,30.30566722,78.09566990,9,616.000,,5.990,301,9,19,,
T,2019-04-08 03:03:56,30.30566388,78.09560458,8,614.000,,5.410,295,13,21,,
T,2019-04-08 03:03:57,30.30568867,78.09555907,8,613.000,,5.540,308,13,21,,
T,2019-04-08 03:03:58,30.30573742,78.09551485,8,614.000,,5.990,321,12,19,,
T,2019-04-08 03:03:59,30.30577944,78.09547550,9,614.000,,6.000,321,12,19,,
T,2019-04-08 03:04:00,30.30585131,78.09544289,11,614.000,,7.020,330,10,20,,
T,2019-04-08 03:04:01,30.30590646,78.09540675,14,614.000,,7.030,330,10,20,,
T,2019-04-08 03:04:02,30.30598190,78.09539917,9,614.000,,7.200,348,10,20,,
T,2019-04-08 03:04:03,30.30605890,78.09536883,8,614.000,,7.360,342,8,16,,
T,2019-04-08 03:04:04,30.30611246,78.09533458,8,614.000,,7.570,329,8,16,,
T,2019-04-08 03:04:05,30.30617511,78.09527872,8,614.000,,7.750,319,8,19,,
T,2019-04-08 03:04:06,30.30622555,78.09522783,6,614.000,,7.590,317,8,19,,
T,2019-04-08 03:04:07,30.30627078,78.09516434,8,614.000,,7.690,315,12,33,,
T,2019-04-08 03:04:08,30.30632370,78.09510044,8,614.000,,7.770,315,12,33,,
T,2019-04-08 03:04:09,30.30636198,78.09506067,6,615.000,,6.880,316,10,20,,
T,2019-04-08 03:04:10,30.30639909,78.09503143,6,615.000,,5.420,318,10,20,,
T,2019-04-08 03:04:11,30.30644388,78.09500706,6,615.000,,5.290,328,8,19,,
T,2019-04-08 03:04:12,30.30648487,78.09499032,6,615.000,,4.910,342,10,19,,
T,2019-04-08 03:04:13,30.30652352,78.09497242,6,615.000,,4.190,342,10,19,,
T,2019-04-08 03:04:14,30.30656208,78.09493554,6,615.000,,3.010,337,7,17,,
T,2019-04-08 03:04:15,30.30658269,78.09492745,6,614.000,,2.510,332,8,20,,
T,2019-04-08 03:04:16,30.30660063,78.09492586,6,615.000,,2.670,334,9,20,,
T,2019-04-08 03:04:17,30.30662872,78.09491414,6,615.000,,3.090,334,7,19,,
T,2019-04-08 03:04:18,30.30665351,78.09489218,6,614.000,,3.840,333,7,19,,
T,2019-04-08 03:04:19,30.30668564,78.09487423,6,614.000,,4.100,337,11,21,,
T,2019-04-08 03:04:20,30.30672652,78.09485692,6,614.000,,4.740,336,8,21,,
T,2019-04-08 03:04:21,30.30677433,78.09483344,5,614.000,,5.280,333,8,21,,
T,2019-04-08 03:04:22,30.30682879,78.09480581,5,615.000,,5.430,334,5,18,,
T,2019-04-08 03:04:23,30.30687302,78.09478144,6,615.000,,5.430,334,5,18,,
T,2019-04-08 03:04:24,30.30693418,78.09474514,6,615.000,,6.150,335,12,34,,
T,2019-04-08 03:04:25,30.30696294,78.09477353,6,614.000,,4.680,352,12,34,,
T,2019-04-08 03:04:26,30.30700783,78.09480975,6,615.000,,4.930,2,8,17,,
T,2019-04-08 03:04:27,30.30705218,78.09481444,6,616.000,,4.940,6,8,17,,
T,2019-04-08 03:04:28,30.30709722,78.09482460,8,616.000,,5.160,6,6,18,,
T,2019-04-08 03:04:29,30.30714207,78.09477456,8,618.000,,4.600,348,11,34,,
T,2019-04-08 03:04:30,30.30719675,78.09475613,8,619.000,,5.520,353,11,21,,
T,2019-04-08 03:04:31,30.30722324,78.09475938,8,617.000,,5.190,350,11,21,,
T,2019-04-08 03:04:32,30.30726088,78.09474069,8,618.000,,4.420,342,14,21,,
T,2019-04-08 03:04:33,30.30729055,78.09473057,8,619.000,,4.020,330,14,34,,
T,2019-04-08 03:04:34,30.30733606,78.09469788,8,620.000,,5.560,327,14,34,,
T,2019-04-08 03:04:35,30.30738660,78.09464516,8,621.000,,6.120,321,13,20,,
T,2019-04-08 03:04:36,30.30743430,78.09460421,8,618.000,,6.060,321,13,20,,
T,2019-04-08 03:04:37,30.30747760,78.09456925,9,618.000,,6.220,324,8,19,,
T,2019-04-08 03:04:38,30.30752778,78.09454579,11,619.000,,6.300,332,9,32,,
T,2019-04-08 03:04:39,30.30757028,78.09452260,12,619.000,,5.630,336,10,32,,
T,2019-04-08 03:04:40,30.30761445,78.09453847,11,619.000,,5.500,353,14,34,,
T,2019-04-08 03:04:41,30.30767151,78.09458660,9,620.000,,5.680,16,19,34,,
T,2019-04-08 03:04:42,30.30770673,78.09464567,8,621.000,,6.260,44,21,34,,
T,2019-04-08 03:04:43,30.30775729,78.09468080,8,621.000,,6.560,50,21,34,,
T,2019-04-08 03:04:44,30.30781222,78.09473088,6,621.000,,6.710,47,21,34,,
T,2019-04-08 03:04:45,30.30786554,78.09475483,6,622.000,,6.610,35,21,34,,
T,2019-04-08 03:04:46,30.30790753,78.09478232,6,624.000,,5.020,25,21,34,,
T,2019-04-08 03:04:47,30.30795857,78.09482173,6,624.000,,5.040,33,23,34,,
T,2019-04-08 03:04:48,30.30802268,78.09483149,6,624.000,,6.180,14,22,34,,
T,2019-04-08 03:04:49,30.30809018,78.09483595,5,623.000,,6.300,360,22,34,,
T,2019-04-08 03:04:50,30.30814172,78.09482713,6,624.000,,5.910,354,23,34,,
T,2019-04-08 03:04:51,30.30818924,78.09480485,6,625.000,,5.610,341,23,34,,
T,2019-04-08 03:04:52,30.30823772,78.09477359,6,625.000,,5.750,332,23,34,,
T,2019-04-08 03:04:53,30.30827301,78.09475575,5,625.000,,5.140,325,23,34,,
T,2019-04-08 03:04:54,30.30830831,78.09472572,5,625.000,,4.970,323,24,34,,
T,2019-04-08 03:04:55,30.30834124,78.09468287,5,625.000,,5.030,313,24,34,,
T,2019-04-08 03:04:56,30.30837510,78.09463931,5,625.000,,4.950,311,24,34,,
T,2019-04-08 03:04:57,30.30840027,78.09461058,5,625.000,,3.930,313,24,34,,
T,2019-04-08 03:04:58,30.30842268,78.09458209,5,625.000,,3.710,313,23,34,,
T,2019-04-08 03:04:59,30.30843117,78.09457016,5,626.000,,2.310,315,23,34,,
T,2019-04-08 03:05:00,30.30846108,78.09456111,5,626.000,,3.280,335,23,34,,
T,2019-04-08 03:05:01,30.30849142,78.09454414,5,627.000,,3.420,336,23,34,,
T,2019-04-08 03:05:02,30.30852714,78.09452776,5,627.000,,3.660,343,23,34,,
T,2019-04-08 03:05:03,30.30856452,78.09452313,6,627.000,,3.650,355,25,34,,
T,2019-04-08 03:05:04,30.30860053,78.09454791,6,627.000,,4.160,12,25,35,,
T,2019-04-08 03:05:05,30.30865748,78.09455574,5,627.000,,5.120,14,26,35,,
T,2019-04-08 03:05:06,30.30869523,78.09457978,5,627.000,,5.470,26,27,35,,
T,2019-04-08 03:05:07,30.30874224,78.09461515,5,627.000,,5.800,33,25,35,,
T,2019-04-08 03:05:08,30.30879212,78.09463938,5,627.000,,5.970,35,22,35,,
T,2019-04-08 03:05:09,30.30884686,78.09467636,5,627.000,,6.130,37,22,35,,
T,2019-04-08 03:05:10,30.30888483,78.09472087,5,628.000,,5.920,43,23,35,,
T,2019-04-08 03:05:11,30.30891985,78.09476167,5,628.000,,5.890,39,23,37,,
T,2019-04-08 03:05:12,30.30895027,78.09479492,5,629.000,,5.210,41,24,37,,
T,2019-04-08 03:05:13,30.30896298,78.09481782,5,629.000,,3.490,47,24,37,,
T,2019-04-08 03:05:14,30.30898389,78.09483197,5,629.000,,2.900,30,24,37,,
T,2019-04-08 03:05:15,30.30901166,78.09483331,5,629.000,,3.160,12,24,37,,
T,2019-04-08 03:05:16,30.30904724,78.09482549,5,630.000,,3.640,353,27,37,,
T,2019-04-08 03:05:17,30.30908492,78.09479760,5,629.000,,3.780,336,27,37,,
T,2019-04-08 03:05:18,30.30911762,78.09477015,5,629.000,,3.620,326,27,37,,
T,2019-04-08 03:05:19,30.30915917,78.09474486,5,628.000,,3.210,326,14,22,,
T,2019-04-08 03:05:20,30.30917863,78.09473394,5,628.000,,2.650,326,14,22,,
T,2019-04-08 03:05:21,30.30919782,78.09472424,5,628.000,,2.300,329,7,22,,
T,2019-04-08 03:05:22,30.30921751,78.09470789,5,628.000,,2.310,333,11,22,,
T,2019-04-08 03:05:23,30.30924393,78.09469220,5,628.000,,2.770,334,11,22,,
T,2019-04-08 03:05:24,30.30927306,78.09467265,5,628.000,,3.300,329,11,19,,
T,2019-04-08 03:05:25,30.30930286,78.09464984,5,628.000,,3.900,330,8,21,,
T,2019-04-08 03:05:26,30.30933293,78.09462512,5,629.000,,3.860,324,8,21,,
T,2019-04-08 03:05:27,30.30936168,78.09459742,5,629.000,,3.700,320,10,19,,
T,2019-04-08 03:05:28,30.30938945,78.09456967,5,628.000,,3.630,317,8,19,,
T,2019-04-08 03:05:29,30.30941772,78.09453585,5,628.000,,4.240,315,10,20,,
T,2019-04-08 03:05:30,30.30944581,78.09450138,5,628.000,,3.900,314,13,20,,
T,2019-04-08 03:05:31,30.30947123,78.09446802,5,629.000,,3.460,312,10,17,,
T,2019-04-08 03:05:32,30.30949314,78.09443904,5,629.000,,3.460,311,10,17,,
T,2019-04-08 03:05:33,30.30951295,78.09440646,5,628.000,,2.830,308,10,17,,
T,2019-04-08 03:05:34,30.30953318,78.09437875,5,628.000,,3.010,312,10,19,,
T,2019-04-08 03:05:35,30.30955465,78.09435210,5,628.000,,3.000,307,11,19,,
T,2019-04-08 03:05:36,30.30957398,78.09432624,6,628.000,,3.120,312,11,19,,
T,2019-04-08 03:05:37,30.30961694,78.09428574,6,627.000,,3.730,313,11,19,,
T,2019-04-08 03:05:38,30.30964107,78.09425408,6,628.000,,4.240,310,12,18,,
T,2019-04-08 03:05:39,30.30966906,78.09421018,5,628.000,,4.600,310,12,17,,
T,2019-04-08 03:05:40,30.30969749,78.09416928,5,629.000,,4.900,310,9,16,,
T,2019-04-08 03:05:41,30.30973069,78.09412084,5,628.000,,5.020,310,10,18,,
T,2019-04-08 03:05:42,30.30976270,78.09407641,5,628.000,,4.890,311,8,17,,
T,2019-04-08 03:05:43,30.30979346,78.09403540,5,627.000,,4.690,310,8,17,,
T,2019-04-08 03:05:44,30.30982110,78.09399539,5,627.000,,4.490,310,9,19,,
T,2019-04-08 03:05:45,30.30985007,78.09395500,5,628.000,,4.900,310,9,19,,
T,2019-04-08 03:05:46,30.30987915,78.09391382,5,628.000,,5.050,310,11,20,,
T,2019-04-08 03:05:47,30.30990986,78.09386758,5,629.000,,5.050,310,10,18,,
T,2019-04-08 03:05:48,30.30994339,78.09383171,5,629.000,,4.970,311,10,18,,
T,2019-04-08 03:05:49,30.30997526,78.09378889,5,629.000,,5.130,310,10,19,,
T,2019-04-08 03:05:50,30.31000488,78.09374611,5,629.000,,5.080,309,9,18,,
T,2019-04-08 03:05:51,30.31003643,78.09370157,5,630.000,,5.250,305,7,17,,
T,2019-04-08 03:05:52,30.31006197,78.09365576,5,630.000,,5.390,303,7,17,,
T,2019-04-08 03:05:53,30.31009183,78.09360385,5,630.000,,5.570,302,9,19,,
T,2019-04-08 03:05:54,30.31012379,78.09354729,5,631.000,,5.900,302,9,20,,
T,2019-04-08 03:05:55,30.31015031,78.09349442,5,632.000,,6.490,303,8,19,,
T,2019-04-08 03:05:56,30.31018196,78.09343760,6,632.000,,6.490,303,8,19,,
T,2019-04-08 03:05:57,30.31019089,78.09339796,8,632.000,,5.790,301,8,19,,
T,2019-04-08 03:05:58,30.31021487,78.09331925,6,631.000,,6.670,294,6,18,,
T,2019-04-08 03:05:59,30.31024637,78.09325272,5,629.000,,6.300,300,10,17,,
T,2019-04-08 03:06:00,30.31027229,78.09319443,6,629.000,,6.640,297,13,20,,
T,2019-04-08 03:06:01,30.31029132,78.09314407,8,630.000,,5.960,295,13,20,,
T,2019-04-08 03:06:02,30.31031439,78.09308808,11,630.000,,5.960,295,11,16,,
T,2019-04-08 03:06:03,30.31036019,78.09293438,8,628.000,,8.330,294,11,16,,
T,2019-04-08 03:06:04,30.31036172,78.09282891,9,626.000,,8.620,289,11,32,,
T,2019-04-08 03:06:05,30.31039043,78.09273694,11,626.000,,8.840,290,10,18,,
T,2019-04-08 03:06:06,30.31042929,78.09266647,14,626.000,,7.890,293,13,33,,
T,2019-04-08 03:06:07,30.31048920,78.09259712,12,626.000,,8.330,300,13,33,,
T,2019-04-08 03:06:08,30.31048408,78.09252303,11,625.000,,7.250,304,14,33,,
T,2019-04-08 03:06:09,30.31049033,78.09245344,9,625.000,,6.450,301,18,34,,
T,2019-04-08 03:06:10,30.31052691,78.09236626,8,625.000,,8.120,301,18,34,,
T,2019-04-08 03:06:11,30.31056643,78.09229085,9,626.000,,7.940,307,19,34,,
T,2019-04-08 03:06:12,30.31060912,78.09221688,9,627.000,,7.830,307,21,34,,
T,2019-04-08 03:06:13,30.31065344,78.09216703,11,628.000,,7.170,309,21,35,,
T,2019-04-08 03:06:14,30.31067637,78.09213921,9,629.000,,5.420,312,21,35,,
T,2019-04-08 03:06:15,30.31071795,78.09208100,9,628.000,,6.040,311,21,35,,
T,2019-04-08 03:06:16,30.31074305,78.09204179,9,629.000,,5.160,312,20,35,,
T,2019-04-08 03:06:17,30.31077278,78.09199067,9,629.000,,5.360,312,20,35,,
T,2019-04-08 03:06:18,30.31080180,78.09194278,15,629.000,,5.560,312,20,35,,
T,2019-04-08 03:06:19,30.31084305,78.09190410,15,629.000,,5.840,314,21,35,,
T,2019-04-08 03:06:20,30.31088215,78.09185009,15,628.000,,5.820,313,21,35,,
T,2019-04-08 03:06:21,30.31091625,78.09177334,15,628.000,,6.600,311,22,35,,
T,2019-04-08 03:06:22,30.31095236,78.09171549,15,629.000,,6.540,311,22,35,,
T,2019-04-08 03:06:23,30.31099063,78.09165421,15,630.000,,6.680,309,22,35,,
T,2019-04-08 03:06:24,30.31102672,78.09160134,15,629.000,,6.790,308,22,35,,
T,2019-04-08 03:06:25,30.31105829,78.09156921,15,631.000,,5.810,307,21,35,,
T,2019-04-08 03:06:26,30.31108939,78.09151445,15,631.000,,5.450,309,21,35,,
T,2019-04-08 03:06:27,30.31112748,78.09145506,15,631.000,,6.290,309,22,35,,
T,2019-04-08 03:06:28,30.31117459,78.09138546,15,632.000,,7.090,310,21,35,,
T,2019-04-08 03:06:29,30.31122421,78.09132047,17,633.000,,7.240,311,22,35,,
T,2019-04-08 03:06:30,30.31126219,78.09127329,15,633.000,,6.830,311,22,35,,
T,2019-04-08 03:06:31,30.31130649,78.09120853,17,634.000,,7.220,310,23,35,,
T,2019-04-08 03:06:32,30.31134680,78.09114301,17,635.000,,7.320,309,24,35,,
T,2019-04-08 03:06:33,30.31138200,78.09111016,15,632.000,,5.370,310,24,35,,
T,2019-04-08 03:06:34,30.31141563,78.09106399,15,635.000,,4.680,311,23,35,,
T,2019-04-08 03:06:35,30.31143902,78.09100435,15,634.000,,4.580,311,24,35,,
T,2019-04-08 03:06:36,30.31147022,78.09091335,15,633.000,,5.100,309,24,35,,
T,2019-04-08 03:06:37,30.31152515,78.09083814,15,634.000,,6.860,308,24,35,,
T,2019-04-08 03:06:38,30.31156145,78.09078035,14,634.000,,6.400,308,24,35,,
T,2019-04-08 03:06:39,30.31159599,78.09071940,14,634.000,,6.800,306,24,35,,
T,2019-04-08 03:06:40,30.31163745,78.09064523,15,635.000,,7.470,305,24,35,,
T,2019-04-08 03:06:41,30.31166537,78.09059294,14,636.000,,6.010,304,24,35,,
T,2019-04-08 03:06:42,30.31170652,78.09052438,14,637.000,,6.040,303,24,35,,
T,2019-04-08 03:06:43,30.31174550,78.09046438,15,637.000,,6.370,302,24,35,,
T,2019-04-08 03:06:44,30.31179811,78.09037324,15,637.000,,6.990,303,24,35,,
T,2019-04-08 03:06:45,30.31183258,78.09028614,15,636.000,,7.370,302,24,35,,
T,2019-04-08 03:06:46,30.31188704,78.09019039,15,636.000,,7.710,300,25,35,,
T,2019-04-08 03:06:47,30.31192401,78.09009028,15,636.000,,7.860,298,25,35,,
T,2019-04-08 03:06:48,30.31196049,78.09000708,14,636.000,,7.900,296,26,35,,
T,2019-04-08 03:06:49,30.31199403,78.08991065,14,635.000,,8.490,294,25,35,,
T,2019-04-08 03:06:50,30.31203298,78.08981493,14,636.000,,8.960,296,25,35,,
T,2019-04-08 03:06:51,30.31205315,78.08972046,14,637.000,,9.110,297,26,35,,
T,2019-04-08 03:06:52,30.31209249,78.08963380,14,636.000,,9.240,298,25,35,,
T,2019-04-08 03:06:53,30.31212690,78.08954545,14,633.000,,9.230,298,23,35,,
T,2019-04-08 03:06:54,30.31215900,78.08947473,14,636.000,,7.330,298,24,35,,
T,2019-04-08 03:06:55,30.31219609,78.08939754,14,636.000,,8.180,298,24,35,,
T,2019-04-08 03:06:56,30.31224739,78.08928162,14,637.000,,10.260,297,25,35,,
T,2019-04-08 03:06:57,30.31228571,78.08918283,14,637.000,,10.200,297,25,35,,
T,2019-04-08 03:06:58,30.31233577,78.08908036,14,636.000,,9.720,298,24,36,,
T,2019-04-08 03:06:59,30.31237725,78.08898409,14,636.000,,9.920,298,25,36,,
T,2019-04-08 03:07:00,30.31241029,78.08889282,14,634.000,,9.350,297,25,36,,
T,2019-04-08 03:07:01,30.31244892,78.08878183,14,633.000,,9.390,295,25,36,,
T,2019-04-08 03:07:02,30.31247320,78.08872157,14,634.000,,7.850,296,25,36,,
T,2019-04-08 03:07:03,30.31250143,78.08867179,14,635.000,,5.440,301,25,36,,
T,2019-04-08 03:07:04,30.31252496,78.08861165,14,635.000,,5.490,298,25,36,,
T,2019-04-08 03:07:05,30.31255630,78.08855951,14,635.000,,5.840,300,25,36,,
T,2019-04-08 03:07:06,30.31257864,78.08850438,14,635.000,,5.930,297,26,36,,
T,2019-04-08 03:07:07,30.31260882,78.08844328,14,635.000,,6.330,297,26,36,,
T,2019-04-08 03:07:08,30.31263212,78.08838175,14,636.000,,6.520,297,26,36,,
T,2019-04-08 03:07:09,30.31265255,78.08833396,14,634.000,,5.820,294,26,36,,
T,2019-04-08 03:07:10,30.31267585,78.08827042,14,635.000,,6.070,296,26,36,,
T,2019-04-08 03:07:11,30.31270377,78.08819745,14,635.000,,6.920,296,26,36,,
T,2019-04-08 03:07:12,30.31273253,78.08813099,14,635.000,,6.990,296,26,36,,
T,2019-04-08 03:07:13,30.31275855,78.08806073,14,634.000,,7.160,297,24,36,,
T,2019-04-08 03:07:14,30.31278600,78.08800366,14,631.000,,6.470,300,25,36,,
T,2019-04-08 03:07:15,30.31281416,78.08794089,14,632.000,,6.790,300,25,36,,
T,2019-04-08 03:07:16,30.31285085,78.08785496,15,633.000,,8.110,299,25,36,,
T,2019-04-08 03:07:17,30.31288085,78.08778740,14,632.000,,7.830,302,25,36,,
T,2019-04-08 03:07:18,30.31292587,78.08769938,14,632.000,,8.920,304,25,36,,
T,2019-04-08 03:07:19,30.31297151,78.08761699,14,633.000,,9.080,308,25,36,,
T,2019-04-08 03:07:20,30.31302733,78.08754301,14,633.000,,8.980,311,25,36,,
T,2019-04-08 03:07:21,30.31308169,78.08748559,14,633.000,,8.010,314,25,36,,
T,2019-04-08 03:07:22,30.31313389,78.08743397,14,634.000,,7.140,316,25,36,,
T,2019-04-08 03:07:23,30.31320338,78.08735399,14,633.000,,9.640,317,25,36,,
T,2019-04-08 03:07:24,30.31326941,78.08728486,14,633.000,,9.320,317,25,36,,
T,2019-04-08 03:07:25,30.31332418,78.08719209,14,634.000,,10.050,315,24,35,,
T,2019-04-08 03:07:26,30.31338590,78.08710827,14,634.000,,10.110,313,24,36,,
T,2019-04-08 03:07:27,30.31344672,78.08702011,14,635.000,,10.470,310,24,36,,
T,2019-04-08 03:07:28,30.31350473,78.08694293,15,635.000,,10.190,307,22,36,,
T,2019-04-08 03:07:29,30.31354856,78.08685783,15,636.000,,9.350,307,24,36,,
T,2019-04-08 03:07:30,30.31360498,78.08678647,15,637.000,,9.070,307,24,36,,
T,2019-04-08 03:07:31,30.31365239,78.08671991,17,637.000,,8.780,306,24,35,,
T,2019-04-08 03:07:32,30.31369798,78.08666212,17,637.000,,8.320,308,24,35,,
T,2019-04-08 03:07:33,30.31373465,78.08658882,17,638.000,,8.240,304,24,35,,
T,2019-04-08 03:07:34,30.31377148,78.08654733,15,640.000,,5.630,314,24,35,,
T,2019-04-08 03:07:35,30.31381354,78.08650195,15,637.000,,6.360,320,24,35,,
T,2019-04-08 03:07:36,30.31385819,78.08644809,17,638.000,,5.880,317,24,35,,
T,2019-04-08 03:07:37,30.31388268,78.08641375,15,639.000,,5.110,312,24,35,,
T,2019-04-08 03:07:38,30.31390204,78.08632242,15,638.000,,5.510,304,23,35,,
T,2019-04-08 03:07:39,30.31394716,78.08626443,15,639.000,,6.130,309,23,35,,
T,2019-04-08 03:07:40,30.31399221,78.08618932,15,640.000,,5.720,310,23,35,,
T,2019-04-08 03:07:41,30.31402350,78.08609566,15,637.000,,5.850,310,23,35,,
T,2019-04-08 03:07:42,30.31405414,78.08604801,15,637.000,,5.390,309,23,35,,
T,2019-04-08 03:07:43,30.31409275,78.08599173,15,637.000,,5.990,305,23,35,,
T,2019-04-08 03:07:44,30.31412984,78.08592961,15,637.000,,6.260,301,23,35,,
T,2019-04-08 03:07:45,30.31415805,78.08586166,15,637.000,,6.610,299,23,35,,
T,2019-04-08 03:07:46,30.31419534,78.08579027,15,636.000,,6.920,299,23,35,,
T,2019-04-08 03:07:47,30.31422842,78.08572433,15,636.000,,6.930,300,23,35,,
T,2019-04-08 03:07:48,30.31425835,78.08566539,14,636.000,,6.360,300,23,35,,
T,2019-04-08 03:07:49,30.31428328,78.08561327,14,636.000,,5.570,302,23,35,,
T,2019-04-08 03:07:50,30.31430752,78.08557107,14,636.000,,4.750,301,23,35,,
T,2019-04-08 03:07:51,30.31431910,78.08552849,14,636.000,,3.580,298,23,35,,
T,2019-04-08 03:07:52,30.31432895,78.08550755,14,636.000,,2.280,299,23,35,,
T,2019-04-08 03:07:54,30.31433306,78.08548518,14,636.000,,0.880,300,23,35,,
T,2019-04-08 03:07:55,30.31433182,78.08548202,14,636.000,,0.390,302,23,35,,
T,2019-04-08 03:07:56,30.31433112,78.08548060,14,636.000,,0.000,,23,35,,
T,2019-04-08 03:07:57,30.31433094,78.08547875,14,636.000,,0.000,,23,35,,
T,2019-04-08 03:07:58,30.31433214,78.08547630,14,636.000,,0.000,,23,35,,
T,2019-04-08 03:07:59,30.31433151,78.08547368,14,636.000,,0.000,,23,35,,
T,2019-04-08 03:08:00,30.31433083,78.08546888,14,637.000,,0.000,,23,35,,
T,2019-04-08 03:08:01,30.31433054,78.08546542,14,637.000,,0.000,,23,35,,
T,2019-04-08 03:08:02,30.31433315,78.08546127,14,637.000,,0.180,298,23,35,,
T,2019-04-08 03:08:03,30.31432937,78.08544534,14,636.000,,0.000,,23,35,,
T,2019-04-08 03:08:04,30.31432478,78.08543284,14,634.000,,0.000,,23,35,,
T,2019-04-08 03:08:05,30.31432363,78.08543029,14,634.000,,0.000,,23,35,,
T,2019-04-08 03:08:06,30.31433125,78.08542986,14,634.000,,0.000,,24,35,,
T,2019-04-08 03:08:07,30.31433009,78.08542865,14,634.000,,0.000,,24,35,,
T,2019-04-08 03:08:08,30.31432882,78.08543047,14,634.000,,0.000,,24,35,,
T,2019-04-08 03:08:09,30.31432987,78.08543221,14,634.000,,0.000,,24,35,,
T,2019-04-08 03:08:10,30.31432997,78.08543496,14,634.000,,0.000,,24,35,,
T,2019-04-08 03:08:11,30.31432864,78.08543706,14,634.000,,0.000,,24,35,,
T,2019-04-08 03:08:12,30.31432656,78.08543777,14,634.000,,0.000,,24,35,,
T,2019-04-08 03:08:13,30.31432913,78.08543863,14,635.000,,0.000,,23,35,,
T,2019-04-08 03:08:14,30.31432975,78.08543933,14,635.000,,0.000,,22,35,,
T,2019-04-08 03:08:15,30.31432999,78.08543950,14,635.000,,0.000,,22,35,,
T,2019-04-08 03:08:16,30.31432596,78.08543920,14,634.000,,0.000,,22,35,,
T,2019-04-08 03:08:17,30.31432261,78.08543891,14,634.000,,0.000,,22,35,,
T,2019-04-08 03:08:18,30.31432178,78.08543885,14,634.000,,0.000,,22,35,,
T,2019-04-08 03:08:19,30.31432152,78.08543887,14,634.000,,0.000,,22,35,,
T,2019-04-08 03:08:20,30.31431926,78.08543871,14,634.000,,0.000,,22,35,,
T,2019-04-08 03:08:21,30.31431860,78.08543871,14,634.000,,0.000,,22,35,,
T,2019-04-08 03:08:22,30.31431833,78.08543873,14,634.000,,0.000,,22,35,,
T,2019-04-08 03:08:23,30.31431819,78.08543876,14,634.000,,0.000,,22,35,,
T,2019-04-08 03:08:24,30.31431803,78.08543876,14,634.000,,0.000,,22,35,,
T,2019-04-08 03:08:25,30.31431746,78.08543874,14,634.000,,0.000,,22,35,,
T,2019-04-08 03:08:26,30.31431718,78.08543873,14,634.000,,0.000,,22,35,,
T,2019-04-08 03:08:27,30.31432318,78.08543352,14,633.000,,0.680,296,22,35,,
T,2019-04-08 03:08:28,30.31433342,78.08541921,14,635.000,,1.610,306,22,35,,
T,2019-04-08 03:08:29,30.31434902,78.08539726,14,636.000,,2.410,309,22,35,,
T,2019-04-08 03:08:30,30.31436781,78.08536982,14,635.000,,3.190,312,22,35,,
T,2019-04-08 03:08:31,30.31439056,78.08533675,14,635.000,,3.840,314,21,35,,
T,2019-04-08 03:08:32,30.31441938,78.08529708,14,635.000,,4.730,313,21,35,,
T,2019-04-08 03:08:33,30.31444995,78.08525380,14,636.000,,5.100,313,21,35,,
T,2019-04-08 03:08:34,30.31448581,78.08520827,14,635.000,,5.280,313,21,35,,
T,2019-04-08 03:08:35,30.31451370,78.08516489,14,634.000,,5.460,310,21,35,,
T,2019-04-08 03:08:36,30.31454272,78.08513043,14,634.000,,5.010,314,22,35,,
T,2019-04-08 03:08:37,30.31457397,78.08509916,14,633.000,,4.470,315,22,35,,
T,2019-04-08 03:08:38,30.31460017,78.08506688,14,634.000,,4.450,315,22,35,,
T,2019-04-08 03:08:39,30.31462704,78.08502388,14,634.000,,5.000,308,21,35,,
T,2019-04-08 03:08:40,30.31466210,78.08499639,14,634.000,,4.830,315,21,35,,
T,2019-04-08 03:08:41,30.31468664,78.08496257,14,635.000,,5.170,313,23,35,,
T,2019-04-08 03:08:42,30.31472454,78.08493342,14,634.000,,5.150,320,23,35,,
T,2019-04-08 03:08:43,30.31476156,78.08489010,14,635.000,,5.560,317,22,35,,
T,2019-04-08 03:08:44,30.31480362,78.08483553,14,635.000,,6.430,316,22,35,,
T,2019-04-08 03:08:45,30.31483483,78.08478494,14,634.000,,6.270,312,23,35,,
T,2019-04-08 03:08:46,30.31486085,78.08476884,14,635.000,,5.350,319,23,35,,
T,2019-04-08 03:08:47,30.31489043,78.08473615,14,635.000,,4.940,314,23,35,,
T,2019-04-08 03:08:48,30.31491794,78.08470935,14,635.000,,4.570,313,23,35,,
T,2019-04-08 03:08:49,30.31494913,78.08468268,14,635.000,,4.230,315,22,35,,
T,2019-04-08 03:08:50,30.31497059,78.08466006,14,636.000,,4.070,315,22,35,,
T,2019-04-08 03:08:51,30.31499741,78.08463279,14,637.000,,4.160,316,22,35,,
T,2019-04-08 03:08:52,30.31502706,78.08460285,14,638.000,,4.210,315,22,35,,
T,2019-04-08 03:08:53,30.31505616,78.08457210,14,638.000,,4.590,313,22,35,,
T,2019-04-08 03:08:54,30.31509382,78.08454022,14,639.000,,5.050,309,22,35,,
T,2019-04-08 03:08:55,30.31512453,78.08451024,5,640.000,,4.550,309,22,35,,
T,2019-04-08 03:08:56,30.31515726,78.08447902,5,640.000,,4.880,310,23,35,,
T,2019-04-08 03:08:57,30.31518894,78.08443958,5,640.000,,4.880,309,22,35,,
T,2019-04-08 03:08:58,30.31522278,78.08440428,5,640.000,,4.500,309,22,35,,
T,2019-04-08 03:08:59,30.31524591,78.08437761,5,641.000,,4.110,305,22,35,,
T,2019-04-08 03:09:00,30.31528070,78.08433287,5,641.000,,5.130,307,22,35,,
T,2019-04-08 03:09:01,30.31531527,78.08429054,5,640.000,,5.140,316,22,35,,
T,2019-04-08 03:09:02,30.31535270,78.08424681,5,640.000,,5.300,317,22,35,,
T,2019-04-08 03:09:03,30.31538377,78.08420569,5,639.000,,5.410,315,22,35,,
T,2019-04-08 03:09:04,30.31542268,78.08416406,5,640.000,,5.340,317,22,35,,
T,2019-04-08 03:09:05,30.31546451,78.08412417,5,640.000,,5.510,312,22,35,,
T,2019-04-08 03:09:06,30.31550777,78.08407515,5,639.000,,5.950,310,22,35,,
T,2019-04-08 03:09:07,30.31554959,78.08401159,5,639.000,,6.040,310,23,35,,
T,2019-04-08 03:09:08,30.31558207,78.08397799,5,640.000,,5.520,310,23,35,,
T,2019-04-08 03:09:09,30.31562246,78.08392269,5,639.000,,6.130,312,23,35,,
T,2019-04-08 03:09:10,30.31566982,78.08386705,5,639.000,,6.190,310,23,35,,
T,2019-04-08 03:09:11,30.31571789,78.08382286,5,641.000,,6.140,313,23,35,,
T,2019-04-08 03:09:12,30.31575421,78.08377429,5,642.000,,6.530,311,23,35,,
T,2019-04-08 03:09:13,30.31579620,78.08371972,6,642.000,,6.980,312,23,35,,
T,2019-04-08 03:09:14,30.31583472,78.08365177,6,642.000,,7.410,308,23,35,,
T,2019-04-08 03:09:15,30.31588728,78.08357904,6,642.000,,8.030,308,23,35,,
T,2019-04-08 03:09:16,30.31593147,78.08350543,6,642.000,,8.650,306,23,35,,
T,2019-04-08 03:09:17,30.31597117,78.08340255,6,640.000,,8.990,303,23,35,,
T,2019-04-08 03:09:18,30.31601260,78.08327682,5,638.000,,9.640,301,23,35,,
T,2019-04-08 03:09:19,30.31604350,78.08316062,5,637.000,,10.720,294,23,35,,
T,2019-04-08 03:09:20,30.31607340,78.08304683,5,637.000,,11.360,289,23,35,,
T,2019-04-08 03:09:21,30.31610536,78.08291809,5,637.000,,11.880,292,23,35,,
T,2019-04-08 03:09:22,30.31613921,78.08278886,5,637.000,,12.210,289,23,35,,
T,2019-04-08 03:09:23,30.31617880,78.08265822,6,636.000,,12.590,290,23,35,,
T,2019-04-08 03:09:24,30.31622447,78.08254877,6,636.000,,11.860,296,23,35,,
T,2019-04-08 03:09:25,30.31625601,78.08243664,6,636.000,,11.330,296,23,35,,
T,2019-04-08 03:09:26,30.31629971,78.08239316,6,635.000,,7.380,301,23,35,,
T,2019-04-08 03:09:27,30.31635460,78.08232375,6,635.000,,8.370,310,23,35,,
T,2019-04-08 03:09:28,30.31640702,78.08224380,6,636.000,,8.860,314,23,35,,
T,2019-04-08 03:09:29,30.31645906,78.08218213,6,635.000,,8.750,313,23,35,,
T,2019-04-08 03:09:30,30.31651000,78.08210863,6,635.000,,8.720,310,23,35,,
T,2019-04-08 03:09:31,30.31654220,78.08205184,6,634.000,,7.940,307,23,35,,
T,2019-04-08 03:09:32,30.31659553,78.08197513,8,633.000,,7.880,312,23,35,,
T,2019-04-08 03:09:33,30.31664660,78.08190816,8,633.000,,7.720,310,23,35,,
T,2019-04-08 03:09:34,30.31671643,78.08182804,9,634.000,,8.350,312,23,35,,
T,2019-04-08 03:09:35,30.31677261,78.08174147,9,635.000,,8.330,310,22,35,,
T,2019-04-08 03:09:36,30.31682709,78.08166237,9,633.000,,7.950,312,22,35,,
T,2019-04-08 03:09:37,30.31685569,78.08160739,9,635.000,,7.190,311,22,35,,
T,2019-04-08 03:09:38,30.31686728,78.08157461,8,635.000,,4.520,310,22,35,,
T,2019-04-08 03:09:39,30.31690521,78.08154512,8,636.000,,3.480,321,22,35,,
T,2019-04-08 03:09:40,30.31692748,78.08152350,8,636.000,,3.340,324,22,35,,
T,2019-04-08 03:09:41,30.31695050,78.08148870,8,636.000,,3.280,325,22,35,,
T,2019-04-08 03:09:42,30.31695016,78.08145234,8,636.000,,2.960,323,22,35,,
T,2019-04-08 03:09:43,30.31700441,78.08138607,8,636.000,,4.380,320,22,35,,
T,2019-04-08 03:09:44,30.31702355,78.08135751,6,637.000,,3.480,320,22,35,,
T,2019-04-08 03:09:45,30.31703819,78.08133196,6,637.000,,2.750,320,22,35,,
T,2019-04-08 03:09:46,30.31705988,78.08130435,8,638.000,,3.150,323,22,35,,
T,2019-04-08 03:09:47,30.31710084,78.08126282,6,640.000,,4.500,327,22,35,,
T,2019-04-08 03:09:48,30.31713070,78.08123015,6,641.000,,3.440,329,22,35,,
T,2019-04-08 03:09:49,30.31715385,78.08120080,6,641.000,,2.840,331,22,35,,
T,2019-04-08 03:09:50,30.31717514,78.08117634,6,642.000,,2.660,329,23,35,,
T,2019-04-08 03:09:51,30.31719420,78.08115822,8,643.000,,2.340,326,23,35,,
T,2019-04-08 03:09:52,30.31723714,78.08111975,8,645.000,,3.720,326,23,35,,
T,2019-04-08 03:09:53,30.31728901,78.08107583,8,646.000,,4.480,328,23,35,,
T,2019-04-08 03:09:54,30.31733951,78.08102948,6,646.000,,4.630,329,23,35,,
T,2019-04-08 03:09:55,30.31738824,78.08098550,8,647.000,,4.890,330,23,35,,
T,2019-04-08 03:09:56,30.31748519,78.08089580,6,647.000,,7.100,332,23,35,,
T,2019-04-08 03:09:57,30.31754285,78.08085003,14,647.000,,7.240,333,23,35,,
T,2019-04-08 03:09:58,30.31760376,78.08080740,14,647.000,,7.590,333,23,35,,
T,2019-04-08 03:09:59,30.31767606,78.08076857,14,649.000,,7.710,334,22,35,,
T,2019-04-08 03:10:00,30.31774351,78.08071729,14,646.000,,7.980,333,22,35,,
T,2019-04-08 03:10:01,30.31780488,78.08067396,14,648.000,,7.780,332,22,35,,
T,2019-04-08 03:10:02,30.31786602,78.08064142,14,649.000,,7.820,334,22,35,,
T,2019-04-08 03:10:03,30.31793792,78.08059960,14,649.000,,8.180,334,22,35,,
T,2019-04-08 03:10:04,30.31802376,78.08054913,14,650.000,,8.100,334,22,35,,
T,2019-04-08 03:10:05,30.31809066,78.08050602,14,650.000,,8.350,333,22,35,,
T,2019-04-08 03:10:06,30.31816376,78.08047098,14,651.000,,8.650,338,22,35,,
T,2019-04-08 03:10:07,30.31822945,78.08043312,14,650.000,,8.840,338,22,35,,
T,2019-04-08 03:10:08,30.31831071,78.08038397,14,650.000,,9.100,336,22,35,,
T,2019-04-08 03:10:09,30.31839999,78.08032715,14,652.000,,9.230,333,23,35,,
T,2019-04-08 03:10:10,30.31847799,78.08026608,14,653.000,,9.700,332,23,35,,
T,2019-04-08 03:10:11,30.31855610,78.08020999,14,654.000,,9.050,332,24,35,,
T,2019-04-08 03:10:12,30.31862460,78.08016039,14,652.000,,8.530,332,24,35,,
T,2019-04-08 03:10:13,30.31870860,78.08011490,14,649.000,,9.570,335,24,35,,
T,2019-04-08 03:10:14,30.31879213,78.08007008,14,651.000,,9.590,334,24,35,,
T,2019-04-08 03:10:15,30.31887847,78.08001410,14,652.000,,10.040,333,24,35,,
T,2019-04-08 03:10:16,30.31895571,78.07997442,14,653.000,,9.520,333,24,35,,
T,2019-04-08 03:10:17,30.31902481,78.07993421,14,653.000,,8.830,334,25,35,,
T,2019-04-08 03:10:18,30.31909211,78.07987896,14,652.000,,8.630,329,25,35,,
T,2019-04-08 03:10:19,30.31916517,78.07983110,14,650.000,,8.480,331,25,35,,
T,2019-04-08 03:10:20,30.31923349,78.07977709,14,650.000,,8.310,328,25,35,,
T,2019-04-08 03:10:21,30.31930265,78.07972767,14,650.000,,8.350,330,26,35,,
T,2019-04-08 03:10:22,30.31936057,78.07968907,14,650.000,,7.320,327,26,35,,
T,2019-04-08 03:10:23,30.31941197,78.07964412,14,649.000,,7.110,325,26,35,,
T,2019-04-08 03:10:24,30.31947318,78.07959680,14,649.000,,7.010,321,26,35,,
T,2019-04-08 03:10:25,30.31952203,78.07955046,14,649.000,,6.950,320,26,35,,
T,2019-04-08 03:10:26,30.31956568,78.07950724,14,649.000,,6.520,316,26,35,,
T,2019-04-08 03:10:27,30.31959381,78.07947636,14,649.000,,5.010,313,26,35,,
T,2019-04-08 03:10:28,30.31961546,78.07944534,14,649.000,,4.650,310,25,35,,
T,2019-04-08 03:10:29,30.31963998,78.07941838,14,649.000,,3.840,305,25,35,,
T,2019-04-08 03:10:30,30.31965850,78.07938703,14,649.000,,3.510,302,26,35,,
T,2019-04-08 03:10:31,30.31967469,78.07934976,14,648.000,,3.800,293,25,35,,
T,2019-04-08 03:10:32,30.31969364,78.07928982,14,648.000,,4.440,287,25,35,,
T,2019-04-08 03:10:33,30.31970805,78.07923811,14,648.000,,5.160,278,26,35,,
T,2019-04-08 03:10:34,30.31971853,78.07916840,14,648.000,,5.560,277,26,35,,
T,2019-04-08 03:10:35,30.31972432,78.07912676,14,647.000,,5.180,272,26,35,,
T,2019-04-08 03:10:36,30.31972711,78.07906208,14,648.000,,5.740,271,26,35,,
T,2019-04-08 03:10:37,30.31972482,78.07900428,14,648.000,,6.350,269,26,35,,
T,2019-04-08 03:10:38,30.31973138,78.07893002,14,648.000,,6.640,270,26,35,,
T,2019-04-08 03:10:39,30.31973607,78.07885242,14,647.000,,6.890,270,26,35,,
T,2019-04-08 03:10:40,30.31974288,78.07877365,14,647.000,,7.340,270,26,35,,
T,2019-04-08 03:10:41,30.31974993,78.07870317,14,648.000,,6.980,270,26,35,,
T,2019-04-08 03:10:42,30.31974548,78.07863421,14,647.000,,6.520,270,26,35,,
T,2019-04-08 03:10:43,30.31973738,78.07856317,14,647.000,,6.500,270,25,35,,
T,2019-04-08 03:10:44,30.31973251,78.07848008,15,647.000,,6.930,268,25,35,,
T,2019-04-08 03:10:45,30.31971992,78.07841795,14,646.000,,7.220,270,24,34,,
T,2019-04-08 03:10:46,30.31971236,78.07833653,14,646.000,,7.650,270,24,35,,
T,2019-04-08 03:10:47,30.31971232,78.07825006,14,646.000,,7.520,269,24,35,,
T,2019-04-08 03:10:48,30.31970833,78.07817201,14,646.000,,7.380,269,24,35,,
T,2019-04-08 03:10:49,30.31970659,78.07809690,14,646.000,,6.880,270,24,35,,
T,2019-04-08 03:10:50,30.31970072,78.07803077,14,648.000,,6.460,268,24,35,,
T,2019-04-08 03:10:51,30.31970324,78.07796882,14,647.000,,6.110,271,24,35,,
T,2019-04-08 03:10:52,30.31970607,78.07789843,14,647.000,,6.640,274,24,35,,
T,2019-04-08 03:10:53,30.31970725,78.07781834,14,646.000,,7.310,276,24,35,,
T,2019-04-08 03:10:54,30.31971599,78.07774940,14,647.000,,7.320,278,24,35,,
T,2019-04-08 03:10:55,30.31972639,78.07767737,14,647.000,,7.110,279,24,35,,
T,2019-04-08 03:10:56,30.31974717,78.07760624,14,644.000,,7.120,282,24,35,,
T,2019-04-08 03:10:57,30.31976665,78.07755327,14,644.000,,5.610,286,24,35,,
T,2019-04-08 03:10:58,30.31980216,78.07750027,14,646.000,,6.690,289,24,35,,
T,2019-04-08 03:10:59,30.31982948,78.07742740,14,646.000,,7.410,296,24,35,,
T,2019-04-08 03:11:00,30.31985374,78.07733690,14,646.000,,7.970,294,24,35,,
T,2019-04-08 03:11:01,30.31987759,78.07725233,14,644.000,,8.140,292,24,35,,
T,2019-04-08 03:11:02,30.31991969,78.07716557,14,644.000,,8.820,296,24,35,,
T,2019-04-08 03:11:03,30.31994637,78.07707681,14,643.000,,9.020,296,24,35,,
T,2019-04-08 03:11:04,30.31997902,78.07698809,14,644.000,,8.950,296,23,35,,
T,2019-04-08 03:11:05,30.32002006,78.07690424,14,644.000,,8.800,298,23,35,,
T,2019-04-08 03:11:06,30.32005082,78.07682969,14,644.000,,8.370,299,23,35,,
T,2019-04-08 03:11:07,30.32009406,78.07674645,14,644.000,,8.610,301,22,35,,
T,2019-04-08 03:11:08,30.32013619,78.07667699,14,643.000,,8.550,305,22,35,,
T,2019-04-08 03:11:09,30.32018264,78.07660182,14,642.000,,8.570,305,22,35,,
T,2019-04-08 03:11:10,30.32021830,78.07654450,14,641.000,,7.880,305,23,35,,
T,2019-04-08 03:11:11,30.32026297,78.07647473,14,641.000,,7.740,308,23,35,,
T,2019-04-08 03:11:12,30.32030341,78.07640015,14,642.000,,8.110,304,23,35,,
T,2019-04-08 03:11:13,30.32034256,78.07633408,14,642.000,,7.820,304,24,35,,
T,2019-04-08 03:11:14,30.32037566,78.07626491,14,643.000,,7.890,303,24,35,,
T,2019-04-08 03:11:15,30.32041581,78.07619090,14,642.000,,7.620,301,24,35,,
T,2019-04-08 03:11:16,30.32044977,78.07612694,14,642.000,,7.480,299,24,35,,
T,2019-04-08 03:11:17,30.32047723,78.07606322,14,642.000,,6.880,297,24,35,,
T,2019-04-08 03:11:18,30.32049369,78.07601481,14,642.000,,6.130,295,24,35,,
T,2019-04-08 03:11:19,30.32051078,78.07596775,14,642.000,,5.680,294,24,35,,
T,2019-04-08 03:11:20,30.32053364,78.07591357,14,642.000,,5.340,297,24,35,,
T,2019-04-08 03:11:21,30.32054956,78.07587391,14,642.000,,4.140,297,25,35,,
T,2019-04-08 03:11:22,30.32055752,78.07583573,14,642.000,,3.950,295,25,35,,
T,2019-04-08 03:11:23,30.32057228,78.07578754,14,640.000,,3.750,294,25,35,,
T,2019-04-08 03:11:24,30.32058591,78.07575297,14,640.000,,3.440,294,25,35,,
T,2019-04-08 03:11:25,30.32059349,78.07573778,14,641.000,,2.470,294,25,35,,
T,2019-04-08 03:11:26,30.32059793,78.07572591,14,641.000,,1.460,294,25,35,,
T,2019-04-08 03:11:27,30.32060569,78.07572261,14,641.000,,1.080,294,25,35,,
T,2019-04-08 03:11:28,30.32060967,78.07571580,14,641.000,,1.090,294,25,35,,
T,2019-04-08 03:11:29,30.32061081,78.07570545,14,641.000,,0.810,294,25,35,,
T,2019-04-08 03:11:30,30.32060579,78.07569449,14,641.000,,0.730,293,25,35,,
T,2019-04-08 03:11:31,30.32060956,78.07568059,14,641.000,,1.560,292,25,35,,
T,2019-04-08 03:11:32,30.32061782,78.07565997,14,641.000,,2.510,293,25,35,,
T,2019-04-08 03:11:33,30.32063028,78.07564767,14,641.000,,1.920,295,26,35,,
T,2019-04-08 03:11:34,30.32063833,78.07562873,14,641.000,,1.880,297,26,35,,
T,2019-04-08 03:11:35,30.32064410,78.07561365,14,640.000,,1.490,297,25,35,,
T,2019-04-08 03:11:36,30.32064783,78.07560311,14,640.000,,1.080,297,25,35,,
T,2019-04-08 03:11:37,30.32065124,78.07559337,14,640.000,,1.040,299,24,35,,
T,2019-04-08 03:11:38,30.32065586,78.07558169,14,640.000,,1.270,299,24,35,,
T,2019-04-08 03:11:39,30.32066428,78.07556559,14,640.000,,1.840,302,24,35,,
T,2019-04-08 03:11:40,30.32067700,78.07553648,14,639.000,,2.920,296,24,35,,
T,2019-04-08 03:11:41,30.32068763,78.07550898,14,639.000,,2.640,295,23,35,,
T,2019-04-08 03:11:42,30.32069568,78.07548855,14,638.000,,2.000,295,23,35,,
T,2019-04-08 03:11:43,30.32069845,78.07547576,14,638.000,,1.310,295,23,35,,
T,2019-04-08 03:11:44,30.32070036,78.07546643,14,638.000,,0.950,295,23,35,,
T,2019-04-08 03:11:45,30.32070369,78.07545312,14,639.000,,1.170,295,24,35,,
T,2019-04-08 03:11:46,30.32070690,78.07544007,14,639.000,,1.120,296,23,35,,
T,2019-04-08 03:11:47,30.32070695,78.07543183,14,639.000,,0.820,295,23,35,,
T,2019-04-08 03:11:48,30.32070869,78.07542103,14,639.000,,1.280,294,23,35,,
T,2019-04-08 03:11:49,30.32071220,78.07540782,14,639.000,,1.530,294,23,35,,
T,2019-04-08 03:11:50,30.32071752,78.07539628,14,639.000,,1.520,295,23,35,,
T,2019-04-08 03:11:51,30.32072369,78.07538228,14,639.000,,1.590,294,24,35,,
T,2019-04-08 03:11:52,30.32072982,78.07536954,14,639.000,,1.320,294,15,21,,
T,2019-04-08 03:11:53,30.32073592,78.07535588,14,639.000,,1.640,294,15,21,,
T,2019-04-08 03:11:54,30.32074278,78.07533902,14,639.000,,2.000,294,8,19,,
T,2019-04-08 03:11:55,30.32075143,78.07531999,14,639.000,,2.070,294,9,19,,
T,2019-04-08 03:11:56,30.32075980,78.07529863,14,639.000,,2.280,293,9,19,,
T,2019-04-08 03:11:57,30.32076902,78.07527674,14,639.000,,2.220,294,11,21,,
T,2019-04-08 03:11:58,30.32077826,78.07525256,14,639.000,,2.550,293,11,21,,
T,2019-04-08 03:11:59,30.32078587,78.07522565,14,639.000,,2.580,293,9,19,,
T,2019-04-08 03:12:00,30.32079553,78.07519504,14,638.000,,2.800,293,9,21,,
T,2019-04-08 03:12:01,30.32080522,78.07516513,14,638.000,,2.980,293,10,22,,
T,2019-04-08 03:12:02,30.32081577,78.07513241,14,638.000,,3.280,293,11,22,,
T,2019-04-08 03:12:03,30.32083043,78.07509632,14,638.000,,4.010,294,10,20,,
T,2019-04-08 03:12:04,30.32084596,78.07505569,14,638.000,,4.210,295,9,21,,
T,2019-04-08 03:12:05,30.32086292,78.07499871,14,638.000,,4.790,295,11,21,,
T,2019-04-08 03:12:06,30.32088251,78.07494596,14,637.000,,5.180,294,9,20,,
T,2019-04-08 03:12:07,30.32090192,78.07489694,14,637.000,,5.180,293,9,20,,
T,2019-04-08 03:12:08,30.32092384,78.07485045,14,637.000,,5.220,293,9,20,,
T,2019-04-08 03:12:09,30.32094835,78.07481512,14,639.000,,4.810,294,9,20,,
T,2019-04-08 03:12:10,30.32096508,78.07477662,14,639.000,,4.190,293,14,35,,
T,2019-04-08 03:12:11,30.32097591,78.07474161,6,639.000,,3.550,293,14,35,,
T,2019-04-08 03:12:12,30.32096235,78.07471353,6,638.000,,3.250,289,14,35,,
T,2019-04-08 03:12:13,30.32097451,78.07466895,6,638.000,,3.430,287,13,21,,
T,2019-04-08 03:12:14,30.32098542,78.07464045,6,638.000,,2.730,288,12,22,,
T,2019-04-08 03:12:15,30.32099842,78.07461894,6,639.000,,2.210,289,12,22,,
T,2019-04-08 03:12:16,30.32100288,78.07459609,5,638.000,,2.480,288,10,18,,
T,2019-04-08 03:12:17,30.32100950,78.07457509,6,638.000,,2.220,291,14,22,,
T,2019-04-08 03:12:18,30.32101613,78.07455301,6,638.000,,2.210,292,9,16,,
T,2019-04-08 03:12:19,30.32102687,78.07452645,5,639.000,,2.920,295,9,16,,
T,2019-04-08 03:12:20,30.32104169,78.07449283,5,638.000,,3.660,296,12,21,,
T,2019-04-08 03:12:21,30.32106261,78.07445042,5,637.000,,4.530,294,12,21,,
T,2019-04-08 03:12:22,30.32107268,78.07440340,5,638.000,,4.590,292,7,18,,
T,2019-04-08 03:12:23,30.32108626,78.07435889,5,637.000,,4.540,294,11,33,,
T,2019-04-08 03:12:24,30.32110889,78.07430381,5,637.000,,5.210,293,11,20,,
T,2019-04-08 03:12:25,30.32113912,78.07422519,5,637.000,,6.760,292,11,20,,
T,2019-04-08 03:12:26,30.32115941,78.07415166,5,637.000,,7.160,294,11,20,,
T,2019-04-08 03:12:27,30.32119643,78.07407393,5,636.000,,7.550,294,9,21,,
T,2019-04-08 03:12:28,30.32123046,78.07400202,6,636.000,,7.790,294,9,21,,
T,2019-04-08 03:12:29,30.32126284,78.07393149,6,635.000,,7.850,295,9,21,,
T,2019-04-08 03:12:30,30.32127274,78.07385446,5,633.000,,7.790,293,10,21,,
T,2019-04-08 03:12:31,30.32130921,78.07378906,6,631.000,,7.830,295,9,19,,
T,2019-04-08 03:12:32,30.32133063,78.07371534,6,631.000,,7.020,297,9,19,,
T,2019-04-08 03:12:33,30.32135939,78.07365314,5,631.000,,7.050,300,9,18,,
T,2019-04-08 03:12:34,30.32139869,78.07358760,5,632.000,,7.020,301,9,20,,
T,2019-04-08 03:12:35,30.32142254,78.07352182,5,632.000,,7.600,295,9,20,,
T,2019-04-08 03:12:36,30.32145423,78.07344393,5,631.000,,8.010,287,8,19,,
T,2019-04-08 03:12:37,30.32146990,78.07336111,5,631.000,,8.100,280,11,22,,
T,2019-04-08 03:12:38,30.32146798,78.07328403,5,631.000,,7.910,269,11,20,,
T,2019-04-08 03:12:39,30.32146769,78.07320479,5,632.000,,7.820,261,11,20,,
T,2019-04-08 03:12:40,30.32148240,78.07312811,6,632.000,,6.990,265,11,20,,
T,2019-04-08 03:12:41,30.32145612,78.07304354,6,633.000,,7.770,249,11,20,,
T,2019-04-08 03:12:42,30.32143154,78.07296357,6,633.000,,7.910,248,11,20,,
T,2019-04-08 03:12:43,30.32141807,78.07289860,6,635.000,,7.610,244,11,21,,
T,2019-04-08 03:12:44,30.32133087,78.07282640,8,635.000,,8.320,242,12,19,,
T,2019-04-08 03:12:45,30.32128880,78.07280253,11,634.000,,6.520,244,11,19,,
T,2019-04-08 03:12:46,30.32126227,78.07274255,14,633.000,,6.490,246,11,20,,
T,2019-04-08 03:12:47,30.32123818,78.07261181,11,632.000,,8.540,253,13,19,,
T,2019-04-08 03:12:48,30.32123754,78.07254785,11,632.000,,8.010,264,12,19,,
T,2019-04-08 03:12:49,30.32124229,78.07246661,11,631.000,,7.910,275,13,21,,
T,2019-04-08 03:12:50,30.32125692,78.07237765,11,631.000,,8.380,287,13,21,,
T,2019-04-08 03:12:51,30.32126446,78.07228996,11,630.000,,7.760,292,8,16,,
T,2019-04-08 03:12:52,30.32127695,78.07221678,9,631.000,,7.120,296,13,21,,
T,2019-04-08 03:12:53,30.32130865,78.07212903,11,630.000,,7.730,298,14,33,,
T,2019-04-08 03:12:54,30.32135099,78.07205133,9,631.000,,8.520,304,16,34,,
T,2019-04-08 03:12:55,30.32140994,78.07195816,9,631.000,,9.940,307,17,34,,
T,2019-04-08 03:12:56,30.32146904,78.07186747,9,632.000,,10.120,310,17,34,,
T,2019-04-08 03:12:57,30.32154113,78.07178144,8,632.000,,10.560,313,22,34,,
T,2019-04-08 03:12:58,30.32160044,78.07169392,6,632.000,,10.390,315,22,34,,
T,2019-04-08 03:12:59,30.32166264,78.07161028,6,632.000,,10.310,317,22,34,,
T,2019-04-08 03:13:00,30.32173607,78.07153120,5,632.000,,10.720,319,23,34,,
T,2019-04-08 03:13:01,30.32181042,78.07146128,5,631.000,,10.770,321,24,34,,
T,2019-04-08 03:13:02,30.32188357,78.07139237,5,631.000,,10.650,323,24,34,,
T,2019-04-08 03:13:03,30.32195772,78.07132400,5,632.000,,10.250,322,23,34,,
T,2019-04-08 03:13:04,30.32203162,78.07125128,5,632.000,,10.080,321,23,34,,
T,2019-04-08 03:13:05,30.32209240,78.07118756,5,633.000,,9.660,322,23,34,,
T,2019-04-08 03:13:07,30.32221669,78.07105876,5,635.000,,9.370,320,24,34,,
