type,time,latitude,longitude,accuracy (m),altitude (m),geoid_height (m),speed (m/s),bearing (deg),sat_used,sat_inview,name,desc
T,2019-03-09 02:40:31,30.31022271,78.09322990,5,631.000,,0.000,,31,38,20190309-081031,GPS Logger: 20190309-081031
T,2019-03-09 02:40:32,30.31022214,78.09323151,5,631.000,,0.000,,31,38,,
T,2019-03-09 02:40:33,30.31022188,78.09323302,5,631.000,,0.000,,32,38,,
T,2019-03-09 02:40:34,30.31022191,78.09323396,6,631.000,,0.000,,32,38,,
T,2019-03-09 02:40:35,30.31022253,78.09323630,5,632.000,,0.000,,32,38,,
T,2019-03-09 02:40:36,30.31022318,78.09323882,5,632.000,,0.000,,32,38,,
T,2019-03-09 02:40:37,30.31022296,78.09324009,6,632.000,,0.000,,32,38,,
T,2019-03-09 02:40:38,30.31022298,78.09324009,5,632.000,,0.000,,33,38,,
T,2019-03-09 02:40:39,30.31022317,78.09324027,5,632.000,,0.000,,33,38,,
T,2019-03-09 02:40:40,30.31022330,78.09324027,5,632.000,,0.000,,33,38,,
T,2019-03-09 02:40:41,30.31022308,78.09323991,5,632.000,,0.000,,33,38,,
T,2019-03-09 02:40:42,30.31022309,78.09323981,6,632.000,,0.000,,33,38,,
T,2019-03-09 02:40:43,30.31024764,78.09321560,8,631.000,,2.690,331,33,38,,
T,2019-03-09 02:40:44,30.31027200,78.09317484,8,632.000,,3.620,334,33,38,,
T,2019-03-09 02:40:45,30.31028274,78.09310386,6,633.000,,4.670,284,33,38,,
T,2019-03-09 02:40:46,30.31030250,78.09302710,6,631.000,,4.860,287,33,38,,
T,2019-03-09 02:40:47,30.31032269,78.09296294,6,635.000,,4.710,288,33,38,,
T,2019-03-09 02:40:48,30.31034209,78.09289708,6,635.000,,4.930,288,32,37,,
T,2019-03-09 02:40:49,30.31035560,78.09279743,6,634.000,,5.500,283,32,38,,
T,2019-03-09 02:40:50,30.31036284,78.09273117,6,633.000,,5.830,284,32,38,,
T,2019-03-09 02:40:51,30.31037109,78.09267423,5,630.000,,5.620,285,32,38,,
T,2019-03-09 02:40:52,30.31037787,78.09259851,5,631.000,,5.300,284,32,38,,
T,2019-03-09 02:40:53,30.31039696,78.09252653,6,630.000,,6.350,287,32,38,,
T,2019-03-09 02:40:54,30.31041579,78.09247657,6,631.000,,5.860,292,32,38,,
T,2019-03-09 02:40:55,30.31043353,78.09240687,8,632.000,,6.340,296,32,38,,
T,2019-03-09 02:40:56,30.31047295,78.09233392,6,632.000,,6.810,301,32,38,,
T,2019-03-09 02:40:57,30.31051847,78.09227986,8,632.000,,6.280,304,32,38,,
T,2019-03-09 02:40:58,30.31055612,78.09220316,8,632.000,,7.140,304,32,38,,
T,2019-03-09 02:40:59,30.31059623,78.09214664,8,633.000,,6.870,306,31,38,,
T,2019-03-09 02:41:00,30.31065286,78.09206437,8,633.000,,7.350,309,31,38,,
T,2019-03-09 02:41:01,30.31068842,78.09199997,8,633.000,,6.750,309,31,38,,
T,2019-03-09 02:41:02,30.31073900,78.09192017,8,631.000,,7.720,310,31,38,,
T,2019-03-09 02:41:03,30.31079449,78.09184731,8,631.000,,7.580,308,31,38,,
T,2019-03-09 02:41:04,30.31084495,78.09176588,8,629.000,,8.520,307,31,38,,
T,2019-03-09 02:41:05,30.31089065,78.09169547,8,629.000,,8.690,307,31,38,,
T,2019-03-09 02:41:06,30.31094359,78.09161073,8,628.000,,8.970,306,31,38,,
T,2019-03-09 02:41:07,30.31098295,78.09153495,9,630.000,,8.940,303,31,38,,
T,2019-03-09 02:41:08,30.31102482,78.09145596,11,630.000,,8.920,302,32,38,,
T,2019-03-09 02:41:09,30.31107371,78.09136178,11,630.000,,9.200,303,32,38,,
T,2019-03-09 02:41:10,30.31111990,78.09132067,9,630.000,,7.780,313,31,38,,
T,2019-03-09 02:41:11,30.31116283,78.09125701,9,630.000,,7.890,308,31,38,,
T,2019-03-09 02:41:12,30.31121654,78.09119033,9,630.000,,8.320,310,31,38,,
T,2019-03-09 02:41:13,30.31127831,78.09111560,11,631.000,,8.790,310,31,38,,
T,2019-03-09 02:41:14,30.31132129,78.09106863,8,632.000,,7.780,308,31,38,,
T,2019-03-09 02:41:15,30.31136980,78.09101050,8,630.000,,7.280,307,31,38,,
T,2019-03-09 02:41:16,30.31141809,78.09090376,8,630.000,,7.930,307,31,38,,
T,2019-03-09 02:41:17,30.31144642,78.09082020,15,628.000,,8.150,301,32,38,,
T,2019-03-09 02:41:18,30.31148143,78.09076894,15,629.000,,7.090,305,32,38,,
T,2019-03-09 02:41:19,30.31153179,78.09069671,15,628.000,,7.210,306,32,38,,
T,2019-03-09 02:41:20,30.31158894,78.09060233,15,629.000,,8.570,304,32,38,,
T,2019-03-09 02:41:21,30.31164907,78.09049310,15,629.000,,9.310,305,32,38,,
T,2019-03-09 02:41:22,30.31169286,78.09042833,17,630.000,,8.150,305,32,38,,
T,2019-03-09 02:41:23,30.31173492,78.09030964,15,629.000,,8.890,304,32,38,,
T,2019-03-09 02:41:24,30.31177149,78.09020632,15,628.000,,8.170,303,32,38,,
T,2019-03-09 02:41:25,30.31182050,78.09012546,15,627.000,,8.660,307,32,38,,
T,2019-03-09 02:41:26,30.31184980,78.09004132,15,628.000,,8.420,299,32,38,,
T,2019-03-09 02:41:27,30.31188239,78.08996949,15,629.000,,8.100,297,32,38,,
T,2019-03-09 02:41:28,30.31191596,78.08987798,15,630.000,,8.270,298,32,38,,
T,2019-03-09 02:41:29,30.31194797,78.08976799,14,630.000,,8.570,295,32,38,,
T,2019-03-09 02:41:30,30.31198738,78.08968539,14,630.000,,8.910,296,32,38,,
T,2019-03-09 02:41:31,30.31203780,78.08957928,14,629.000,,9.220,297,32,38,,
T,2019-03-09 02:41:32,30.31208736,78.08949056,14,628.000,,9.230,299,32,38,,
T,2019-03-09 02:41:33,30.31214073,78.08940238,14,628.000,,9.200,299,32,38,,
T,2019-03-09 02:41:34,30.31217546,78.08931786,14,629.000,,9.190,298,32,38,,
T,2019-03-09 02:41:35,30.31221713,78.08921978,14,628.000,,9.740,298,32,38,,
T,2019-03-09 02:41:36,30.31225367,78.08911968,14,630.000,,9.580,296,32,38,,
T,2019-03-09 02:41:37,30.31228572,78.08901928,15,629.000,,9.550,296,32,38,,
T,2019-03-09 02:41:38,30.31231960,78.08892832,14,628.000,,9.330,296,32,38,,
T,2019-03-09 02:41:39,30.31234884,78.08883521,14,628.000,,9.350,296,32,38,,
T,2019-03-09 02:41:40,30.31239129,78.08875728,14,629.000,,8.880,296,32,38,,
T,2019-03-09 02:41:41,30.31243096,78.08866488,14,628.000,,8.180,296,32,38,,
T,2019-03-09 02:41:42,30.31245608,78.08858876,14,627.000,,7.050,298,32,38,,
T,2019-03-09 02:41:43,30.31246902,78.08853515,14,627.000,,5.360,293,32,38,,
T,2019-03-09 02:41:44,30.31249469,78.08847359,14,626.000,,5.600,290,32,38,,
T,2019-03-09 02:41:45,30.31251173,78.08842190,14,626.000,,5.780,281,32,38,,
T,2019-03-09 02:41:46,30.31255203,78.08836852,15,625.000,,5.900,280,31,38,,
T,2019-03-09 02:41:47,30.31257550,78.08830377,15,626.000,,6.140,295,31,38,,
T,2019-03-09 02:41:48,30.31259658,78.08824942,15,625.000,,5.670,295,31,38,,
T,2019-03-09 02:41:49,30.31262399,78.08822719,15,624.000,,5.320,298,31,38,,
T,2019-03-09 02:41:50,30.31264673,78.08814603,15,624.000,,6.340,291,31,38,,
T,2019-03-09 02:41:51,30.31268710,78.08809485,15,623.000,,6.750,295,31,38,,
T,2019-03-09 02:41:52,30.31272204,78.08802135,15,621.000,,7.400,298,31,38,,
T,2019-03-09 02:41:53,30.31274865,78.08795450,15,620.000,,6.530,301,31,38,,
T,2019-03-09 02:41:54,30.31276101,78.08787887,15,620.000,,6.320,299,31,38,,
T,2019-03-09 02:41:55,30.31278295,78.08781466,15,620.000,,6.320,298,30,37,,
T,2019-03-09 02:41:56,30.31282654,78.08776123,15,621.000,,6.340,299,30,38,,
T,2019-03-09 02:41:57,30.31286715,78.08768364,15,622.000,,6.940,303,30,38,,
T,2019-03-09 02:41:58,30.31291357,78.08762922,15,623.000,,7.110,308,29,37,,
T,2019-03-09 02:41:59,30.31295299,78.08757095,14,626.000,,7.550,309,29,37,,
T,2019-03-09 02:42:00,30.31299640,78.08751619,14,625.000,,7.200,313,29,38,,
T,2019-03-09 02:42:01,30.31305400,78.08744761,14,624.000,,8.040,313,30,38,,
T,2019-03-09 02:42:02,30.31311256,78.08738217,14,624.000,,8.370,315,30,38,,
T,2019-03-09 02:42:03,30.31318195,78.08733368,14,623.000,,7.730,327,30,38,,
T,2019-03-09 02:42:04,30.31324093,78.08728620,15,623.000,,7.570,327,30,38,,
T,2019-03-09 02:42:05,30.31331394,78.08722373,15,623.000,,8.380,327,30,38,,
T,2019-03-09 02:42:06,30.31339199,78.08715396,17,623.000,,9.590,328,30,38,,
T,2019-03-09 02:42:07,30.31344348,78.08704065,17,625.000,,10.230,319,31,38,,
T,2019-03-09 02:42:08,30.31347658,78.08691010,15,624.000,,10.790,312,31,38,,
T,2019-03-09 02:42:09,30.31354200,78.08682561,15,625.000,,10.640,311,31,38,,
T,2019-03-09 02:42:10,30.31359345,78.08673593,17,624.000,,9.960,308,30,38,,
T,2019-03-09 02:42:11,30.31366173,78.08665107,17,624.000,,9.750,307,30,38,,
T,2019-03-09 02:42:12,30.31370154,78.08655172,17,624.000,,9.830,304,30,38,,
T,2019-03-09 02:42:13,30.31376213,78.08643147,17,624.000,,10.300,302,30,38,,
T,2019-03-09 02:42:14,30.31383127,78.08633384,17,624.000,,10.520,304,30,38,,
T,2019-03-09 02:42:15,30.31389646,78.08622654,17,623.000,,11.540,304,30,38,,
T,2019-03-09 02:42:16,30.31394641,78.08612002,17,624.000,,11.270,304,30,38,,
T,2019-03-09 02:42:17,30.31400227,78.08603270,17,625.000,,10.950,307,30,38,,
T,2019-03-09 02:42:18,30.31402066,78.08591078,17,625.000,,11.280,301,28,37,,
T,2019-03-09 02:42:19,30.31406157,78.08580407,15,625.000,,11.180,303,30,38,,
T,2019-03-09 02:42:20,30.31411880,78.08569400,15,625.000,,11.480,305,30,38,,
T,2019-03-09 02:42:21,30.31418320,78.08558428,15,625.000,,11.750,307,30,38,,
T,2019-03-09 02:42:22,30.31421647,78.08548200,15,623.000,,10.670,305,30,38,,
T,2019-03-09 02:42:23,30.31426345,78.08538817,15,624.000,,9.830,304,30,38,,
T,2019-03-09 02:42:24,30.31431447,78.08530381,14,623.000,,9.190,306,31,39,,
T,2019-03-09 02:42:25,30.31437069,78.08523413,14,623.000,,8.900,308,31,39,,
T,2019-03-09 02:42:26,30.31442567,78.08516609,14,626.000,,8.970,307,31,39,,
T,2019-03-09 02:42:27,30.31448323,78.08509506,14,626.000,,8.270,308,31,39,,
T,2019-03-09 02:42:28,30.31453501,78.08503825,15,625.000,,8.120,310,31,39,,
T,2019-03-09 02:42:29,30.31457476,78.08498479,15,625.000,,7.270,310,31,39,,
T,2019-03-09 02:42:30,30.31460321,78.08494359,15,625.000,,6.030,310,31,39,,
T,2019-03-09 02:42:31,30.31464479,78.08488412,15,626.000,,6.030,308,31,39,,
T,2019-03-09 02:42:32,30.31469191,78.08481254,15,626.000,,6.610,308,31,39,,
T,2019-03-09 02:42:33,30.31471905,78.08480140,15,625.000,,5.330,309,31,39,,
T,2019-03-09 02:42:34,30.31476497,78.08476747,15,626.000,,5.690,312,31,39,,
T,2019-03-09 02:42:35,30.31480863,78.08474107,15,627.000,,5.850,313,31,39,,
T,2019-03-09 02:42:36,30.31486828,78.08469605,15,627.000,,6.100,314,30,39,,
T,2019-03-09 02:42:37,30.31492210,78.08464234,14,628.000,,6.300,314,30,39,,
T,2019-03-09 02:42:38,30.31495441,78.08459135,14,628.000,,5.750,314,31,39,,
T,2019-03-09 02:42:39,30.31500329,78.08453187,14,628.000,,5.820,313,31,39,,
T,2019-03-09 02:42:40,30.31503079,78.08450008,14,627.000,,5.010,312,31,39,,
T,2019-03-09 02:42:41,30.31505809,78.08447222,14,627.000,,4.560,313,31,39,,
T,2019-03-09 02:42:42,30.31508559,78.08443620,14,627.000,,4.440,312,31,39,,
T,2019-03-09 02:42:43,30.31511734,78.08439671,14,627.000,,4.660,312,31,39,,
T,2019-03-09 02:42:44,30.31514109,78.08438014,14,627.000,,4.170,313,31,39,,
T,2019-03-09 02:42:45,30.31516782,78.08433547,14,625.000,,4.250,312,30,39,,
T,2019-03-09 02:42:46,30.31520209,78.08429976,14,625.000,,4.650,312,30,39,,
T,2019-03-09 02:42:47,30.31522270,78.08426922,14,626.000,,4.550,311,30,39,,
T,2019-03-09 02:42:48,30.31525295,78.08423771,14,626.000,,4.800,312,30,39,,
T,2019-03-09 02:42:49,30.31529018,78.08419313,14,628.000,,5.280,312,30,39,,
T,2019-03-09 02:42:50,30.31533545,78.08414464,14,628.000,,5.860,312,30,39,,
T,2019-03-09 02:42:51,30.31536775,78.08411093,15,628.000,,5.040,313,30,39,,
T,2019-03-09 02:42:52,30.31539988,78.08406031,15,628.000,,5.240,312,30,39,,
T,2019-03-09 02:42:53,30.31545883,78.08400166,17,629.000,,6.180,313,30,39,,
T,2019-03-09 02:42:54,30.31548889,78.08395902,17,629.000,,6.010,312,29,39,,
T,2019-03-09 02:42:55,30.31551538,78.08394033,18,629.000,,5.690,311,30,39,,
T,2019-03-09 02:42:56,30.31558000,78.08386992,18,630.000,,6.750,311,30,39,,
T,2019-03-09 02:42:57,30.31561574,78.08377086,17,629.000,,7.240,309,30,39,,
T,2019-03-09 02:42:58,30.31565398,78.08372153,17,630.000,,6.870,308,30,39,,
T,2019-03-09 02:42:59,30.31569695,78.08367283,17,629.000,,7.320,308,30,39,,
T,2019-03-09 02:43:00,30.31574010,78.08358514,15,629.000,,7.470,308,30,39,,
T,2019-03-09 02:43:01,30.31577204,78.08352368,15,629.000,,7.100,308,30,39,,
T,2019-03-09 02:43:02,30.31580821,78.08346464,15,630.000,,7.580,306,29,39,,
T,2019-03-09 02:43:03,30.31586461,78.08342325,17,630.000,,7.940,305,29,39,,
T,2019-03-09 02:43:04,30.31591075,78.08337075,15,630.000,,7.880,300,29,39,,
T,2019-03-09 02:43:05,30.31595681,78.08328202,17,632.000,,9.170,293,29,39,,
T,2019-03-09 02:43:06,30.31597638,78.08318931,17,632.000,,9.550,287,28,37,,
T,2019-03-09 02:43:07,30.31599881,78.08306791,15,633.000,,10.480,284,28,39,,
T,2019-03-09 02:43:08,30.31603784,78.08297539,17,634.000,,10.460,286,28,39,,
T,2019-03-09 02:43:09,30.31606130,78.08285655,17,631.000,,11.350,284,28,39,,
T,2019-03-09 02:43:10,30.31608623,78.08275636,17,631.000,,10.780,286,28,39,,
T,2019-03-09 02:43:11,30.31611006,78.08264745,17,632.000,,11.560,287,28,39,,
T,2019-03-09 02:43:12,30.31614268,78.08252013,17,632.000,,11.670,287,30,39,,
T,2019-03-09 02:43:13,30.31623717,78.08241453,17,632.000,,12.790,296,29,39,,
T,2019-03-09 02:43:14,30.31627703,78.08228217,18,632.000,,12.050,298,29,39,,
T,2019-03-09 02:43:15,30.31631855,78.08216859,18,631.000,,12.280,302,29,39,,
T,2019-03-09 02:43:16,30.31637593,78.08206440,18,631.000,,11.680,306,29,39,,
T,2019-03-09 02:43:17,30.31643934,78.08197097,18,631.000,,11.540,310,29,39,,
T,2019-03-09 02:43:18,30.31651011,78.08188112,20,630.000,,11.400,312,29,39,,
T,2019-03-09 02:43:19,30.31657710,78.08179094,21,630.000,,11.390,309,29,39,,
T,2019-03-09 02:43:20,30.31658155,78.08172432,20,630.000,,10.110,306,29,39,,
T,2019-03-09 02:43:21,30.31663520,78.08166000,20,630.000,,9.670,307,29,39,,
T,2019-03-09 02:43:22,30.31670798,78.08160045,20,627.000,,9.020,309,29,39,,
T,2019-03-09 02:43:23,30.31671429,78.08154334,20,629.000,,8.390,306,29,39,,
T,2019-03-09 02:43:24,30.31675747,78.08147760,20,629.000,,7.970,305,29,39,,
T,2019-03-09 02:43:25,30.31680335,78.08142333,18,629.000,,8.100,305,29,39,,
T,2019-03-09 02:43:26,30.31681754,78.08134774,18,629.000,,7.620,304,29,39,,
T,2019-03-09 02:43:27,30.31681954,78.08126531,18,629.000,,7.060,303,29,39,,
T,2019-03-09 02:43:28,30.31683686,78.08122424,18,629.000,,5.730,304,29,38,,
T,2019-03-09 02:43:29,30.31687878,78.08117776,18,629.000,,5.300,305,29,38,,
T,2019-03-09 02:43:30,30.31690240,78.08114439,18,630.000,,4.400,311,30,39,,
T,2019-03-09 02:43:31,30.31692555,78.08104979,18,630.000,,5.220,316,29,39,,
T,2019-03-09 02:43:32,30.31696858,78.08099877,17,631.000,,5.660,318,29,39,,
T,2019-03-09 02:43:33,30.31702160,78.08093954,17,632.000,,5.970,321,29,39,,
T,2019-03-09 02:43:34,30.31708382,78.08089575,17,632.000,,6.410,326,29,39,,
T,2019-03-09 02:43:35,30.31711411,78.08084151,17,632.000,,5.950,326,29,39,,
T,2019-03-09 02:43:36,30.31718568,78.08078906,17,631.000,,6.590,325,27,39,,
T,2019-03-09 02:43:37,30.31727308,78.08075812,15,627.000,,7.100,327,27,39,,
T,2019-03-09 02:43:38,30.31735677,78.08075848,15,626.000,,7.380,329,27,39,,
T,2019-03-09 02:43:39,30.31744165,78.08074237,15,624.000,,7.110,332,27,39,,
T,2019-03-09 02:43:40,30.31749882,78.08068862,15,623.000,,7.640,333,27,39,,
T,2019-03-09 02:43:41,30.31756754,78.08064117,15,624.000,,7.900,334,27,39,,
T,2019-03-09 02:43:42,30.31763678,78.08058873,15,626.000,,7.790,333,27,39,,
T,2019-03-09 02:43:43,30.31770374,78.08054162,15,628.000,,8.010,334,27,39,,
T,2019-03-09 02:43:44,30.31779063,78.08050515,15,627.000,,8.220,335,27,39,,
T,2019-03-09 02:43:45,30.31786460,78.08047931,15,628.000,,8.100,335,27,39,,
T,2019-03-09 02:43:46,30.31792661,78.08042442,15,628.000,,8.070,331,27,39,,
T,2019-03-09 02:43:47,30.31800449,78.08037892,15,628.000,,8.330,331,27,39,,
T,2019-03-09 02:43:48,30.31808095,78.08031880,14,628.000,,8.670,332,27,39,,
T,2019-03-09 02:43:49,30.31815200,78.08028019,14,631.000,,8.240,333,27,39,,
T,2019-03-09 02:43:50,30.31822538,78.08024521,14,629.000,,8.340,334,27,39,,
T,2019-03-09 02:43:51,30.31831399,78.08020438,15,628.000,,8.760,335,27,39,,
T,2019-03-09 02:43:52,30.31837392,78.08014765,15,629.000,,8.070,334,27,39,,
T,2019-03-09 02:43:53,30.31843270,78.08009438,15,630.000,,7.550,333,26,39,,
T,2019-03-09 02:43:54,30.31849754,78.08006796,15,630.000,,7.520,334,26,39,,
T,2019-03-09 02:43:55,30.31857026,78.08002777,15,630.000,,7.930,333,26,39,,
T,2019-03-09 02:43:56,30.31863846,78.07997938,15,630.000,,7.500,330,26,39,,
T,2019-03-09 02:43:57,30.31870247,78.07993988,15,630.000,,6.900,330,26,39,,
T,2019-03-09 02:43:58,30.31874595,78.07993374,15,633.000,,5.630,329,26,39,,
T,2019-03-09 02:43:59,30.31878272,78.07991304,15,634.000,,4.650,330,26,39,,
T,2019-03-09 02:44:00,30.31879268,78.07991825,15,635.000,,1.890,332,27,39,,
T,2019-03-09 02:44:01,30.31880832,78.07991100,15,636.000,,1.650,333,27,39,,
T,2019-03-09 02:44:02,30.31880924,78.07991623,15,636.000,,0.000,,27,39,,
T,2019-03-09 02:44:03,30.31881352,78.07990928,15,635.000,,0.000,,27,39,,
T,2019-03-09 02:44:04,30.31881380,78.07991077,14,636.000,,0.000,,27,39,,
T,2019-03-09 02:44:05,30.31882388,78.07991001,14,635.000,,0.200,333,28,39,,
T,2019-03-09 02:44:06,30.31883342,78.07990297,14,636.000,,0.570,333,28,39,,
T,2019-03-09 02:44:07,30.31884426,78.07990274,14,635.000,,0.800,336,28,39,,
T,2019-03-09 02:44:08,30.31884638,78.07990142,14,635.000,,0.770,339,28,39,,
T,2019-03-09 02:44:09,30.31886002,78.07989508,15,635.000,,1.280,339,28,39,,
T,2019-03-09 02:44:10,30.31887511,78.07988861,15,635.000,,1.550,340,28,39,,
T,2019-03-09 02:44:11,30.31889171,78.07987780,15,635.000,,1.880,341,28,39,,
T,2019-03-09 02:44:12,30.31891175,78.07986763,15,635.000,,2.420,341,29,39,,
T,2019-03-09 02:44:13,30.31894909,78.07985542,15,635.000,,3.550,341,29,39,,
T,2019-03-09 02:44:14,30.31898744,78.07983603,15,636.000,,3.870,339,29,39,,
T,2019-03-09 02:44:15,30.31901066,78.07981695,15,637.000,,3.540,335,30,39,,
T,2019-03-09 02:44:16,30.31903450,78.07980402,15,638.000,,3.250,336,30,39,,
T,2019-03-09 02:44:17,30.31905863,78.07979681,14,639.000,,1.510,345,30,39,,
T,2019-03-09 02:44:18,30.31907729,78.07978355,14,640.000,,0.330,334,30,39,,
T,2019-03-09 02:44:19,30.31910604,78.07975333,14,641.000,,4.210,330,30,39,,
T,2019-03-09 02:44:20,30.31919512,78.07968291,15,646.000,,4.420,331,31,39,,
T,2019-03-09 02:44:21,30.31922873,78.07964726,15,645.000,,4.270,328,31,39,,
T,2019-03-09 02:44:22,30.31926013,78.07963613,15,644.000,,4.600,338,31,39,,
T,2019-03-09 02:44:23,30.31931810,78.07960963,14,643.000,,4.990,332,32,39,,
T,2019-03-09 02:44:24,30.31936376,78.07959897,14,643.000,,5.050,330,33,39,,
T,2019-03-09 02:44:25,30.31941692,78.07954964,14,643.000,,5.710,329,33,39,,
T,2019-03-09 02:44:26,30.31946305,78.07952124,14,645.000,,5.050,327,33,39,,
T,2019-03-09 02:44:27,30.31952261,78.07946794,15,645.000,,5.960,324,33,39,,
T,2019-03-09 02:44:28,30.31957201,78.07939798,14,645.000,,6.730,312,33,39,,
T,2019-03-09 02:44:29,30.31960265,78.07934432,14,646.000,,6.360,298,33,39,,
T,2019-03-09 02:44:30,30.31962890,78.07927680,14,646.000,,6.330,287,33,39,,
T,2019-03-09 02:44:31,30.31963845,78.07921186,15,646.000,,6.460,280,33,39,,
T,2019-03-09 02:44:32,30.31964481,78.07914978,15,646.000,,5.790,278,33,39,,
T,2019-03-09 02:44:33,30.31965502,78.07908386,15,646.000,,6.410,276,33,39,,
T,2019-03-09 02:44:34,30.31965210,78.07899667,15,647.000,,7.250,273,33,39,,
T,2019-03-09 02:44:35,30.31966558,78.07890149,15,645.000,,7.670,273,33,39,,
T,2019-03-09 02:44:36,30.31964062,78.07880957,15,645.000,,8.160,269,33,39,,
T,2019-03-09 02:44:37,30.31965062,78.07872005,15,645.000,,8.140,270,33,39,,
T,2019-03-09 02:44:38,30.31964897,78.07862676,15,645.000,,8.100,270,33,39,,
T,2019-03-09 02:44:39,30.31965521,78.07852386,15,644.000,,8.350,271,34,39,,
T,2019-03-09 02:44:40,30.31964862,78.07843568,15,645.000,,8.360,269,34,39,,
T,2019-03-09 02:44:41,30.31964152,78.07832397,14,644.000,,9.260,268,34,39,,
T,2019-03-09 02:44:42,30.31964112,78.07820845,14,644.000,,9.570,269,34,39,,
T,2019-03-09 02:44:43,30.31965341,78.07809924,14,641.000,,9.900,270,34,39,,
T,2019-03-09 02:44:44,30.31965614,78.07799606,14,641.000,,9.720,270,34,39,,
T,2019-03-09 02:44:45,30.31965431,78.07789371,14,642.000,,10.250,272,33,39,,
T,2019-03-09 02:44:46,30.31965664,78.07778745,14,642.000,,10.030,274,33,39,,
T,2019-03-09 02:44:47,30.31966763,78.07768983,14,641.000,,9.600,277,32,39,,
T,2019-03-09 02:44:48,30.31968400,78.07759688,15,641.000,,9.400,282,32,39,,
T,2019-03-09 02:44:49,30.31968332,78.07751415,15,641.000,,9.030,285,32,39,,
T,2019-03-09 02:44:50,30.31970844,78.07741499,17,641.000,,9.260,285,32,39,,
T,2019-03-09 02:44:51,30.31974154,78.07731059,17,640.000,,9.670,287,32,39,,
T,2019-03-09 02:44:52,30.31978072,78.07720538,15,641.000,,10.010,291,33,39,,
T,2019-03-09 02:44:53,30.31982289,78.07706841,15,640.000,,10.640,293,33,39,,
T,2019-03-09 02:44:54,30.31988615,78.07696589,15,641.000,,11.090,296,33,39,,
T,2019-03-09 02:44:55,30.31993248,78.07684526,15,639.000,,11.010,297,33,39,,
T,2019-03-09 02:44:56,30.31999795,78.07675221,15,637.000,,11.430,300,33,39,,
T,2019-03-09 02:44:57,30.32003423,78.07663862,15,637.000,,11.720,302,33,39,,
T,2019-03-09 02:44:58,30.32009488,78.07654480,14,637.000,,11.400,305,33,39,,
T,2019-03-09 02:44:59,30.32015909,78.07640822,15,635.000,,11.850,305,33,39,,
T,2019-03-09 02:45:00,30.32021596,78.07631754,15,636.000,,11.360,304,33,39,,
T,2019-03-09 02:45:01,30.32027309,78.07622392,14,636.000,,10.490,302,33,39,,
T,2019-03-09 02:45:02,30.32033019,78.07614443,14,635.000,,10.330,301,33,39,,
T,2019-03-09 02:45:03,30.32038258,78.07606852,14,635.000,,9.480,300,33,39,,
T,2019-03-09 02:45:04,30.32042912,78.07598188,14,635.000,,8.760,297,33,39,,
T,2019-03-09 02:45:05,30.32046986,78.07591286,15,634.000,,8.580,296,33,39,,
T,2019-03-09 02:45:06,30.32049713,78.07584820,14,634.000,,7.730,294,33,39,,
T,2019-03-09 02:45:07,30.32052810,78.07578895,14,633.000,,7.050,294,33,39,,
T,2019-03-09 02:45:08,30.32055743,78.07572523,14,634.000,,6.440,294,33,39,,
T,2019-03-09 02:45:09,30.32057128,78.07569613,14,634.000,,4.990,294,33,39,,
T,2019-03-09 02:45:10,30.32058610,78.07565477,14,635.000,,4.770,294,33,39,,
T,2019-03-09 02:45:11,30.32059621,78.07561185,15,636.000,,4.460,293,33,39,,
T,2019-03-09 02:45:12,30.32058881,78.07558781,15,635.000,,3.470,293,33,39,,
T,2019-03-09 02:45:13,30.32057704,78.07561024,17,635.000,,1.550,293,33,39,,
T,2019-03-09 02:45:14,30.32057928,78.07561665,17,635.000,,0.790,293,33,39,,
T,2019-03-09 02:45:15,30.32057754,78.07560312,17,636.000,,1.120,292,33,39,,
T,2019-03-09 02:45:16,30.32057836,78.07558013,17,636.000,,1.610,293,33,39,,
T,2019-03-09 02:45:17,30.32057872,78.07556476,17,638.000,,1.290,292,33,39,,
T,2019-03-09 02:45:18,30.32058949,78.07552598,15,638.000,,2.750,292,34,39,,
T,2019-03-09 02:45:19,30.32060337,78.07548624,15,637.000,,2.700,292,34,39,,
T,2019-03-09 02:45:20,30.32061094,78.07546137,15,639.000,,1.870,291,34,40,,
T,2019-03-09 02:45:21,30.32061740,78.07544798,15,640.000,,1.700,290,34,40,,
T,2019-03-09 02:45:22,30.32063416,78.07541572,14,640.000,,3.120,290,34,40,,
T,2019-03-09 02:45:23,30.32065264,78.07538284,14,639.000,,2.940,290,34,40,,
T,2019-03-09 02:45:24,30.32067315,78.07535233,14,638.000,,3.380,291,34,40,,
T,2019-03-09 02:45:25,30.32069513,78.07531488,14,638.000,,3.660,291,34,40,,
T,2019-03-09 02:45:26,30.32071831,78.07527683,14,636.000,,3.850,292,34,40,,
T,2019-03-09 02:45:27,30.32074317,78.07523582,14,634.000,,4.170,292,34,40,,
T,2019-03-09 02:45:28,30.32076196,78.07519159,14,635.000,,4.350,291,34,40,,
T,2019-03-09 02:45:29,30.32078017,78.07514239,15,634.000,,4.620,293,34,40,,
T,2019-03-09 02:45:30,30.32079708,78.07510725,14,634.000,,3.540,294,34,40,,
T,2019-03-09 02:45:31,30.32081359,78.07506875,14,636.000,,3.350,294,34,40,,
T,2019-03-09 02:45:32,30.32083147,78.07503155,14,635.000,,3.070,294,34,40,,
T,2019-03-09 02:45:33,30.32084824,78.07499891,14,635.000,,3.360,295,33,40,,
T,2019-03-09 02:45:34,30.32086713,78.07496409,14,634.000,,3.520,296,33,40,,
T,2019-03-09 02:45:35,30.32088525,78.07492298,14,632.000,,3.990,296,33,40,,
T,2019-03-09 02:45:36,30.32090687,78.07487826,14,633.000,,4.670,296,33,40,,
T,2019-03-09 02:45:37,30.32094942,78.07482257,14,632.000,,5.870,294,34,40,,
T,2019-03-09 02:45:38,30.32096559,78.07477516,14,631.000,,5.660,291,34,40,,
T,2019-03-09 02:45:39,30.32097820,78.07471369,14,630.000,,5.710,291,34,40,,
T,2019-03-09 02:45:40,30.32098463,78.07469240,14,631.000,,3.540,293,34,40,,
T,2019-03-09 02:45:41,30.32099678,78.07463913,14,631.000,,3.170,291,34,40,,
T,2019-03-09 02:45:42,30.32100153,78.07461395,14,631.000,,2.710,289,34,40,,
T,2019-03-09 02:45:43,30.32100281,78.07460622,14,632.000,,2.580,286,34,40,,
T,2019-03-09 02:45:44,30.32104096,78.07458161,14,630.000,,3.450,288,35,40,,
T,2019-03-09 02:45:45,30.32105159,78.07454042,14,629.000,,4.260,288,36,40,,
T,2019-03-09 02:45:46,30.32106359,78.07449811,14,629.000,,4.350,288,36,40,,
T,2019-03-09 02:45:47,30.32107563,78.07445549,14,629.000,,4.200,286,36,40,,
T,2019-03-09 02:45:48,30.32108885,78.07441273,14,629.000,,4.380,286,36,40,,
T,2019-03-09 02:45:49,30.32110539,78.07435368,14,628.000,,5.340,286,36,40,,
T,2019-03-09 02:45:50,30.32112408,78.07428986,14,627.000,,6.070,289,36,40,,
T,2019-03-09 02:45:51,30.32114621,78.07422117,14,628.000,,6.560,293,36,40,,
T,2019-03-09 02:45:52,30.32117220,78.07414926,14,628.000,,6.910,294,36,40,,
T,2019-03-09 02:45:53,30.32119020,78.07407332,14,629.000,,7.450,295,36,40,,
T,2019-03-09 02:45:54,30.32121552,78.07400311,14,630.000,,7.470,297,36,40,,
T,2019-03-09 02:45:55,30.32124908,78.07393836,15,629.000,,7.400,298,36,40,,
T,2019-03-09 02:45:56,30.32127217,78.07387854,17,629.000,,6.890,296,36,40,,
T,2019-03-09 02:45:57,30.32130505,78.07378736,15,630.000,,7.780,296,36,40,,
T,2019-03-09 02:45:58,30.32133546,78.07369834,15,630.000,,8.340,297,36,40,,
T,2019-03-09 02:45:59,30.32138186,78.07361701,15,629.000,,8.510,298,36,40,,
T,2019-03-09 02:46:00,30.32140661,78.07353696,17,630.000,,8.440,292,36,40,,
T,2019-03-09 02:46:01,30.32143454,78.07347818,17,629.000,,7.810,281,36,40,,
T,2019-03-09 02:46:02,30.32145012,78.07336641,17,629.000,,8.720,271,36,40,,
T,2019-03-09 02:46:03,30.32144599,78.07325173,17,627.000,,8.880,263,36,40,,
T,2019-03-09 02:46:04,30.32143727,78.07317087,17,628.000,,8.800,255,36,40,,
T,2019-03-09 02:46:05,30.32141521,78.07304017,15,627.000,,9.800,250,36,40,,
T,2019-03-09 02:46:06,30.32138490,78.07295690,15,627.000,,8.930,246,36,40,,
T,2019-03-09 02:46:07,30.32135267,78.07285487,17,633.000,,9.450,246,36,40,,
T,2019-03-09 02:46:08,30.32131846,78.07278187,17,632.000,,8.680,246,36,40,,
T,2019-03-09 02:46:09,30.32128644,78.07267551,17,631.000,,9.840,249,35,40,,
T,2019-03-09 02:46:10,30.32125200,78.07257907,17,630.000,,10.340,254,35,40,,
T,2019-03-09 02:46:11,30.32124225,78.07251439,17,629.000,,9.550,260,34,40,,
T,2019-03-09 02:46:12,30.32124057,78.07240291,17,628.000,,9.750,274,34,40,,
T,2019-03-09 02:46:13,30.32125509,78.07232274,15,628.000,,8.840,285,34,40,,
T,2019-03-09 02:46:14,30.32127909,78.07223406,15,628.000,,9.250,294,34,40,,
T,2019-03-09 02:46:15,30.32131368,78.07214112,15,628.000,,9.550,298,34,40,,
T,2019-03-09 02:46:16,30.32135196,78.07204482,15,627.000,,9.710,303,34,40,,
T,2019-03-09 02:46:17,30.32140010,78.07199658,15,626.000,,9.020,310,34,40,,
T,2019-03-09 02:46:18,30.32145530,78.07188603,15,626.000,,9.840,313,34,40,,
T,2019-03-09 02:46:19,30.32152217,78.07181689,15,626.000,,10.050,313,34,40,,
T,2019-03-09 02:46:20,30.32159105,78.07173177,15,625.000,,10.530,315,34,40,,
T,2019-03-09 02:46:21,30.32165955,78.07162939,15,626.000,,10.540,316,34,40,,
T,2019-03-09 02:46:22,30.32173129,78.07155635,15,625.000,,10.420,318,34,40,,
T,2019-03-09 02:46:23,30.32179649,78.07148263,15,625.000,,10.330,320,34,40,,
T,2019-03-09 02:46:24,30.32186193,78.07140590,15,624.000,,10.700,322,33,40,,
T,2019-03-09 02:46:25,30.32194655,78.07132146,17,624.000,,11.170,321,33,40,,
T,2019-03-09 02:46:26,30.32199544,78.07125479,15,624.000,,9.890,319,33,40,,
T,2019-03-09 02:46:27,30.32204369,78.07119065,15,625.000,,9.170,319,33,40,,
T,2019-03-09 02:46:28,30.32210378,78.07110824,15,626.000,,9.290,319,33,40,,
T,2019-03-09 02:46:29,30.32215799,78.07105355,14,626.000,,8.470,321,32,40,,
T,2019-03-09 02:46:30,30.32221555,78.07097026,14,627.000,,8.890,321,32,40,,
T,2019-03-09 02:46:31,30.32228147,78.07090980,14,629.000,,8.790,320,32,40,,
T,2019-03-09 02:46:32,30.32234611,78.07084747,14,629.000,,8.510,320,32,40,,
T,2019-03-09 02:46:33,30.32239583,78.07078891,14,628.000,,7.340,322,32,40,,
T,2019-03-09 02:46:34,30.32243991,78.07074098,14,628.000,,6.320,320,32,40,,
T,2019-03-09 02:46:35,30.32247823,78.07070736,14,628.000,,5.950,316,33,40,,
T,2019-03-09 02:46:36,30.32251509,78.07066214,14,626.000,,6.140,315,33,40,,
T,2019-03-09 02:46:37,30.32254556,78.07063005,14,627.000,,5.620,311,33,40,,
T,2019-03-09 02:46:38,30.32256577,78.07058234,14,627.000,,4.990,306,33,40,,
T,2019-03-09 02:46:39,30.32258874,78.07054405,14,627.000,,5.980,300,33,40,,
T,2019-03-09 02:46:40,30.32260802,78.07051833,14,628.000,,4.980,293,33,40,,
T,2019-03-09 02:46:41,30.32263123,78.07046662,14,629.000,,5.370,283,34,39,,
T,2019-03-09 02:46:42,30.32264292,78.07038084,14,629.000,,6.480,277,34,39,,
T,2019-03-09 02:46:43,30.32263514,78.07032191,14,629.000,,6.090,275,34,39,,
T,2019-03-09 02:46:44,30.32263799,78.07026245,14,631.000,,6.170,272,34,39,,
T,2019-03-09 02:46:45,30.32263127,78.07016631,14,631.000,,6.790,269,34,39,,
T,2019-03-09 02:46:46,30.32263013,78.07008448,14,632.000,,7.260,269,34,39,,
T,2019-03-09 02:46:47,30.32263081,78.07000241,14,632.000,,7.040,267,34,39,,
T,2019-03-09 02:46:48,30.32263429,78.06992457,14,632.000,,6.720,265,34,39,,
T,2019-03-09 02:46:49,30.32263767,78.06984787,14,631.000,,7.140,265,34,39,,
T,2019-03-09 02:46:50,30.32264761,78.06977470,14,630.000,,7.060,266,34,39,,
T,2019-03-09 02:46:51,30.32264835,78.06967881,15,630.000,,7.740,267,34,39,,
T,2019-03-09 02:46:52,30.32263704,78.06959161,14,630.000,,7.580,265,34,39,,
T,2019-03-09 02:46:53,30.32263189,78.06949497,14,629.000,,7.850,264,34,39,,
T,2019-03-09 02:46:54,30.32262602,78.06941167,15,630.000,,7.910,268,34,39,,
T,2019-03-09 02:46:55,30.32262045,78.06932656,15,631.000,,7.590,268,34,39,,
T,2019-03-09 02:46:56,30.32261273,78.06923764,14,633.000,,7.810,268,33,39,,
T,2019-03-09 02:46:57,30.32261793,78.06916001,14,635.000,,7.760,269,33,39,,
T,2019-03-09 02:46:58,30.32261320,78.06907659,14,635.000,,7.440,271,33,39,,
T,2019-03-09 02:46:59,30.32261895,78.06899226,14,634.000,,7.510,273,33,39,,
T,2019-03-09 02:47:00,30.32262485,78.06891281,14,633.000,,7.770,274,32,38,,
T,2019-03-09 02:47:01,30.32262609,78.06883924,14,633.000,,7.060,275,32,39,,
T,2019-03-09 02:47:02,30.32263231,78.06875161,14,633.000,,7.220,274,32,39,,
T,2019-03-09 02:47:03,30.32263580,78.06868836,14,633.000,,6.810,274,32,39,,
T,2019-03-09 02:47:04,30.32264595,78.06860509,14,633.000,,7.220,271,32,39,,
T,2019-03-09 02:47:05,30.32263919,78.06852109,14,632.000,,7.180,268,32,39,,
T,2019-03-09 02:47:06,30.32264338,78.06844646,14,632.000,,7.200,266,30,39,,
T,2019-03-09 02:47:07,30.32264845,78.06836818,15,632.000,,7.300,266,30,39,,
T,2019-03-09 02:47:08,30.32264214,78.06827341,15,632.000,,7.880,266,30,39,,
T,2019-03-09 02:47:09,30.32263418,78.06821549,15,633.000,,6.630,263,31,39,,
T,2019-03-09 02:47:10,30.32263037,78.06824792,14,635.000,,2.530,266,31,39,,
T,2019-03-09 02:47:11,30.32263348,78.06822081,14,635.000,,1.510,272,31,39,,
T,2019-03-09 02:47:12,30.32263421,78.06819760,14,634.000,,1.490,273,31,39,,
T,2019-03-09 02:47:13,30.32262803,78.06818967,14,634.000,,0.200,274,31,39,,
T,2019-03-09 02:47:14,30.32262456,78.06819939,15,634.000,,0.000,,31,39,,
T,2019-03-09 02:47:15,30.32262189,78.06820459,14,634.000,,0.230,268,31,39,,
T,2019-03-09 02:47:16,30.32261589,78.06820061,14,634.000,,0.210,264,31,39,,
T,2019-03-09 02:47:17,30.32261649,78.06820843,14,635.000,,0.000,,31,39,,
T,2019-03-09 02:47:18,30.32262112,78.06821015,14,635.000,,0.000,,31,39,,
T,2019-03-09 02:47:19,30.32262494,78.06820709,14,634.000,,0.000,,31,39,,
T,2019-03-09 02:47:20,30.32263096,78.06821916,15,634.000,,0.000,,31,39,,
T,2019-03-09 02:47:21,30.32263234,78.06823118,15,634.000,,0.000,,31,39,,
T,2019-03-09 02:47:22,30.32263366,78.06824310,14,635.000,,0.000,,30,39,,
T,2019-03-09 02:47:23,30.32263284,78.06825514,14,635.000,,0.000,,30,39,,
T,2019-03-09 02:47:24,30.32263554,78.06826421,14,635.000,,0.000,,30,39,,
T,2019-03-09 02:47:25,30.32263459,78.06827389,14,635.000,,0.000,,31,39,,
T,2019-03-09 02:47:26,30.32263505,78.06827929,14,635.000,,0.000,,31,39,,
T,2019-03-09 02:47:27,30.32263312,78.06828613,14,635.000,,0.000,,31,39,,
T,2019-03-09 02:47:28,30.32263321,78.06828222,14,635.000,,0.000,,31,39,,
T,2019-03-09 02:47:29,30.32263302,78.06828244,14,635.000,,0.000,,32,39,,
T,2019-03-09 02:47:30,30.32263305,78.06828352,14,635.000,,0.000,,32,39,,
T,2019-03-09 02:47:31,30.32263272,78.06828278,14,634.000,,0.000,,32,39,,
T,2019-03-09 02:47:32,30.32263257,78.06828102,14,634.000,,0.000,,32,39,,
T,2019-03-09 02:47:33,30.32263259,78.06828097,14,634.000,,0.000,,32,39,,
T,2019-03-09 02:47:34,30.32263270,78.06828101,14,634.000,,0.000,,32,39,,
T,2019-03-09 02:47:35,30.32263297,78.06828122,14,634.000,,0.000,,33,39,,
T,2019-03-09 02:47:36,30.32263294,78.06828136,14,634.000,,0.000,,33,39,,
T,2019-03-09 02:47:37,30.32263325,78.06828198,14,634.000,,0.000,,33,39,,
T,2019-03-09 02:47:38,30.32263331,78.06828206,14,634.000,,0.000,,33,39,,
T,2019-03-09 02:47:39,30.32263334,78.06828212,14,634.000,,0.000,,33,39,,
T,2019-03-09 02:47:40,30.32263327,78.06828183,14,634.000,,0.000,,33,39,,
T,2019-03-09 02:47:41,30.32263327,78.06828182,14,634.000,,0.000,,33,39,,
T,2019-03-09 02:47:42,30.32263341,78.06828240,14,634.000,,0.000,,33,39,,
T,2019-03-09 02:47:43,30.32263343,78.06828244,14,634.000,,0.000,,33,39,,
T,2019-03-09 02:47:44,30.32263361,78.06828322,14,634.000,,0.000,,33,39,,
T,2019-03-09 02:47:45,30.32263354,78.06828342,14,634.000,,0.000,,31,39,,
T,2019-03-09 02:47:46,30.32263356,78.06828347,14,634.000,,0.000,,31,39,,
T,2019-03-09 02:47:47,30.32263354,78.06828345,14,634.000,,0.000,,31,39,,
T,2019-03-09 02:47:48,30.32263356,78.06828345,14,634.000,,0.000,,32,39,,
T,2019-03-09 02:47:49,30.32263356,78.06828343,14,634.000,,0.000,,31,39,,
T,2019-03-09 02:47:50,30.32263366,78.06828361,14,634.000,,0.000,,31,39,,
T,2019-03-09 02:47:51,30.32263372,78.06828362,14,634.000,,0.000,,31,39,,
T,2019-03-09 02:47:52,30.32263391,78.06828370,14,635.000,,0.000,,31,39,,
T,2019-03-09 02:47:53,30.32263405,78.06828358,14,634.000,,0.000,,30,39,,
T,2019-03-09 02:47:54,30.32263408,78.06828361,14,634.000,,0.000,,29,39,,
T,2019-03-09 02:47:55,30.32263634,78.06823530,14,635.000,,2.140,273,29,39,,
T,2019-03-09 02:47:56,30.32264666,78.06820158,14,637.000,,2.840,276,29,39,,
T,2019-03-09 02:47:57,30.32265768,78.06815400,14,638.000,,3.560,281,29,39,,
T,2019-03-09 02:47:58,30.32267390,78.06809323,14,635.000,,4.360,282,29,39,,
T,2019-03-09 02:47:59,30.32268817,78.06803240,14,638.000,,4.790,279,30,39,,
T,2019-03-09 02:48:00,30.32273285,78.06795034,14,638.000,,5.200,286,31,39,,
T,2019-03-09 02:48:01,30.32275484,78.06786424,14,639.000,,5.660,285,31,39,,
T,2019-03-09 02:48:02,30.32277355,78.06778826,14,639.000,,6.060,284,31,39,,
T,2019-03-09 02:48:03,30.32279856,78.06770656,14,640.000,,6.490,284,31,39,,
T,2019-03-09 02:48:04,30.32283182,78.06763626,14,639.000,,6.620,285,31,39,,
T,2019-03-09 02:48:05,30.32285174,78.06755491,14,638.000,,6.910,284,31,39,,
T,2019-03-09 02:48:06,30.32285941,78.06751762,15,637.000,,5.890,286,31,39,,
T,2019-03-09 02:48:07,30.32288252,78.06743254,14,636.000,,7.060,287,32,39,,
T,2019-03-09 02:48:08,30.32291550,78.06736065,14,637.000,,7.030,289,32,39,,
T,2019-03-09 02:48:09,30.32293222,78.06726997,14,638.000,,7.890,288,32,39,,
T,2019-03-09 02:48:10,30.32295545,78.06720131,14,637.000,,7.280,287,32,39,,
T,2019-03-09 02:48:11,30.32297049,78.06713209,14,636.000,,7.410,287,32,39,,
T,2019-03-09 02:48:12,30.32300670,78.06705617,14,635.000,,7.510,288,33,39,,
T,2019-03-09 02:48:13,30.32303059,78.06698199,14,635.000,,7.980,287,33,39,,
T,2019-03-09 02:48:14,30.32305277,78.06688572,14,635.000,,8.280,287,33,39,,
T,2019-03-09 02:48:15,30.32306201,78.06680074,14,635.000,,8.210,281,33,39,,
T,2019-03-09 02:48:16,30.32307756,78.06669766,14,634.000,,8.690,282,33,39,,
T,2019-03-09 02:48:17,30.32307434,78.06661267,15,635.000,,8.450,278,33,39,,
T,2019-03-09 02:48:18,30.32308512,78.06652651,17,635.000,,8.440,278,33,39,,
T,2019-03-09 02:48:19,30.32310073,78.06642754,15,635.000,,8.820,283,33,39,,
T,2019-03-09 02:48:20,30.32312691,78.06635998,15,636.000,,8.410,287,33,39,,
T,2019-03-09 02:48:21,30.32316065,78.06623376,15,637.000,,9.800,286,33,39,,
T,2019-03-09 02:48:22,30.32319906,78.06613664,15,639.000,,9.830,288,33,39,,
T,2019-03-09 02:48:23,30.32321166,78.06600326,15,639.000,,10.300,286,32,39,,
T,2019-03-09 02:48:24,30.32324416,78.06590337,15,641.000,,10.240,287,32,39,,
T,2019-03-09 02:48:25,30.32327366,78.06578291,15,641.000,,10.670,286,32,39,,
T,2019-03-09 02:48:26,30.32330575,78.06575368,14,640.000,,7.850,289,32,39,,
T,2019-03-09 02:48:27,30.32332997,78.06568303,15,642.000,,7.750,285,33,39,,
T,2019-03-09 02:48:28,30.32336782,78.06561454,14,642.000,,7.610,290,33,39,,
T,2019-03-09 02:48:29,30.32339032,78.06554208,15,643.000,,7.230,287,33,39,,
T,2019-03-09 02:48:30,30.32340091,78.06546474,15,646.000,,7.150,289,34,39,,
T,2019-03-09 02:48:31,30.32339479,78.06542180,15,646.000,,6.010,288,34,39,,
T,2019-03-09 02:48:32,30.32340849,78.06537005,17,648.000,,5.710,292,34,39,,
T,2019-03-09 02:48:33,30.32343856,78.06531242,15,642.000,,5.350,294,34,39,,
T,2019-03-09 02:48:34,30.32345725,78.06523975,15,644.000,,5.520,294,34,39,,
T,2019-03-09 02:48:35,30.32347636,78.06520319,15,644.000,,5.320,295,34,39,,
T,2019-03-09 02:48:36,30.32349733,78.06512896,15,646.000,,6.390,293,34,39,,
T,2019-03-09 02:48:37,30.32349955,78.06507820,14,646.000,,5.860,294,34,39,,
T,2019-03-09 02:48:38,30.32351050,78.06504026,15,647.000,,5.450,289,34,39,,
T,2019-03-09 02:48:39,30.32352573,78.06499862,15,648.000,,5.610,294,34,39,,
T,2019-03-09 02:48:40,30.32353326,78.06490784,15,647.000,,5.930,290,34,39,,
T,2019-03-09 02:48:41,30.32355765,78.06484943,15,648.000,,6.300,289,34,39,,
T,2019-03-09 02:48:42,30.32357875,78.06479382,15,648.000,,5.990,288,34,39,,
T,2019-03-09 02:48:43,30.32359164,78.06471353,14,649.000,,6.970,286,34,39,,
T,2019-03-09 02:48:44,30.32361380,78.06464631,14,650.000,,7.180,286,34,39,,
T,2019-03-09 02:48:45,30.32362855,78.06457429,15,649.000,,7.220,285,34,39,,
T,2019-03-09 02:48:46,30.32364974,78.06448271,14,650.000,,7.940,286,34,39,,
T,2019-03-09 02:48:47,30.32366555,78.06441071,15,650.000,,7.530,287,34,39,,
T,2019-03-09 02:48:48,30.32368876,78.06432447,15,649.000,,7.580,286,34,39,,
T,2019-03-09 02:48:49,30.32370396,78.06430425,15,650.000,,4.310,294,34,39,,
T,2019-03-09 02:48:50,30.32371777,78.06425089,15,650.000,,4.380,295,34,39,,
T,2019-03-09 02:48:51,30.32372951,78.06418275,15,649.000,,4.510,289,34,39,,
T,2019-03-09 02:48:52,30.32373249,78.06418025,15,650.000,,2.550,292,34,39,,
T,2019-03-09 02:48:53,30.32373645,78.06415970,15,650.000,,2.490,291,34,39,,
T,2019-03-09 02:48:54,30.32374526,78.06414247,15,652.000,,2.040,289,34,39,,
T,2019-03-09 02:48:55,30.32376331,78.06411757,15,652.000,,2.500,289,33,38,,
T,2019-03-09 02:48:56,30.32377272,78.06409963,15,652.000,,2.380,288,33,39,,
T,2019-03-09 02:48:57,30.32378523,78.06406244,15,651.000,,3.690,287,33,39,,
T,2019-03-09 02:48:58,30.32379646,78.06402190,14,652.000,,3.800,282,33,39,,
T,2019-03-09 02:48:59,30.32380557,78.06398338,14,652.000,,3.570,279,33,39,,
T,2019-03-09 02:49:00,30.32381344,78.06394833,15,653.000,,3.350,276,33,39,,
T,2019-03-09 02:49:01,30.32381855,78.06391619,15,644.000,,2.680,278,33,39,,
T,2019-03-09 02:49:02,30.32381973,78.06389904,15,646.000,,1.570,285,33,39,,
T,2019-03-09 02:49:03,30.32381987,78.06390085,15,649.000,,0.560,290,32,39,,
T,2019-03-09 02:49:04,30.32381754,78.06390862,15,649.000,,0.160,296,32,39,,
T,2019-03-09 02:49:05,30.32382180,78.06389972,15,649.000,,0.440,309,32,39,,
T,2019-03-09 02:49:06,30.32382353,78.06389428,15,649.000,,0.360,299,31,39,,
T,2019-03-09 02:49:07,30.32382183,78.06389210,8,650.000,,0.000,,31,39,,
T,2019-03-09 02:49:08,30.32382222,78.06388621,6,650.000,,0.000,,31,39,,
T,2019-03-09 02:49:09,30.32382164,78.06387871,6,649.000,,0.390,290,33,39,,
T,2019-03-09 02:49:10,30.32382752,78.06386841,6,648.000,,0.000,,32,39,,
T,2019-03-09 02:49:11,30.32383235,78.06386473,6,646.000,,0.000,,32,39,,
T,2019-03-09 02:49:12,30.32383469,78.06386225,6,647.000,,0.220,286,32,39,,
T,2019-03-09 02:49:13,30.32383574,78.06386008,6,647.000,,0.000,,32,39,,
T,2019-03-09 02:49:14,30.32383643,78.06385618,6,647.000,,0.000,,32,39,,
T,2019-03-09 02:49:15,30.32383561,78.06385445,6,647.000,,0.000,,31,39,,
T,2019-03-09 02:49:16,30.32383624,78.06385455,6,647.000,,0.000,,31,39,,
T,2019-03-09 02:49:17,30.32383537,78.06385169,6,647.000,,0.000,,31,39,,
T,2019-03-09 02:49:18,30.32383657,78.06385060,6,648.000,,0.000,,31,39,,
T,2019-03-09 02:49:19,30.32383233,78.06384442,5,648.000,,0.000,,31,39,,
T,2019-03-09 02:49:20,30.32383348,78.06384265,5,648.000,,0.000,,12,22,,
T,2019-03-09 02:49:21,30.32383225,78.06384227,5,649.000,,0.000,,12,22,,
T,2019-03-09 02:49:22,30.32382812,78.06384161,5,648.000,,0.000,,12,24,,
T,2019-03-09 02:49:23,30.32382852,78.06382976,5,649.000,,1.710,288,12,23,,
T,2019-03-09 02:49:24,30.32383725,78.06380837,5,649.000,,2.240,290,12,22,,
T,2019-03-09 02:49:25,30.32384794,78.06378637,5,650.000,,2.230,289,12,22,,
T,2019-03-09 02:49:26,30.32385556,78.06376591,5,650.000,,2.020,288,10,22,,
T,2019-03-09 02:49:27,30.32386198,78.06374468,5,650.000,,2.090,289,10,22,,
T,2019-03-09 02:49:28,30.32386647,78.06372048,5,650.000,,2.560,285,10,23,,
T,2019-03-09 02:49:29,30.32386650,78.06368729,6,650.000,,2.920,285,11,23,,
T,2019-03-09 02:49:30,30.32387454,78.06365254,6,650.000,,3.790,285,11,23,,
T,2019-03-09 02:49:31,30.32387978,78.06362905,6,650.000,,1.770,284,10,22,,
T,2019-03-09 02:49:32,30.32388198,78.06361375,6,651.000,,1.580,277,10,38,,
T,2019-03-09 02:49:33,30.32388219,78.06360718,6,652.000,,0.000,,10,38,,
T,2019-03-09 02:49:34,30.32388756,78.06358346,6,652.000,,3.460,284,16,38,,
T,2019-03-09 02:49:35,30.32390985,78.06345256,8,650.000,,3.420,291,17,38,,
T,2019-03-09 02:49:36,30.32391813,78.06342384,8,650.000,,3.090,291,24,38,,
T,2019-03-09 02:49:37,30.32393226,78.06339167,6,650.000,,3.140,288,24,38,,
T,2019-03-09 02:49:38,30.32394285,78.06335355,6,649.000,,3.730,286,25,38,,
T,2019-03-09 02:49:39,30.32394944,78.06331207,6,650.000,,3.900,284,26,38,,
T,2019-03-09 02:49:40,30.32395477,78.06325371,6,650.000,,4.810,278,26,38,,
T,2019-03-09 02:49:41,30.32396112,78.06320419,6,650.000,,4.810,278,19,23,,
T,2019-03-09 02:49:42,30.32396212,78.06315014,6,651.000,,5.170,278,12,20,,
T,2019-03-09 02:49:43,30.32396465,78.06310243,6,651.000,,4.960,278,11,21,,
T,2019-03-09 02:49:44,30.32399619,78.06306017,8,651.000,,4.890,284,11,22,,
T,2019-03-09 02:49:45,30.32400686,78.06301073,8,652.000,,4.890,284,11,22,,
T,2019-03-09 02:49:46,30.32402503,78.06295961,8,652.000,,5.220,285,11,22,,
T,2019-03-09 02:49:47,30.32402813,78.06290740,8,651.000,,5.270,283,12,22,,
T,2019-03-09 02:49:48,30.32404304,78.06285057,6,652.000,,5.350,284,9,19,,
T,2019-03-09 02:49:49,30.32403803,78.06280368,6,652.000,,5.350,278,10,23,,
T,2019-03-09 02:49:50,30.32404377,78.06275551,6,652.000,,4.970,278,11,23,,
T,2019-03-09 02:49:51,30.32404018,78.06269665,6,651.000,,5.650,277,11,22,,
T,2019-03-09 02:49:52,30.32405436,78.06261380,8,650.000,,5.560,278,10,21,,
T,2019-03-09 02:49:53,30.32405547,78.06256175,8,649.000,,5.460,277,10,21,,
T,2019-03-09 02:49:54,30.32407679,78.06245663,9,646.000,,5.640,277,11,23,,
T,2019-03-09 02:49:55,30.32407690,78.06240396,9,645.000,,5.490,276,10,20,,
T,2019-03-09 02:49:56,30.32407312,78.06235069,8,644.000,,5.070,274,9,21,,
T,2019-03-09 02:49:57,30.32407762,78.06230478,8,644.000,,4.510,275,9,21,,
T,2019-03-09 02:49:58,30.32407985,78.06226438,11,645.000,,4.140,283,13,22,,
T,2019-03-09 02:49:59,30.32409279,78.06221963,9,644.000,,4.000,270,11,21,,
T,2019-03-09 02:50:00,30.32410203,78.06218257,9,644.000,,3.480,276,12,22,,
T,2019-03-09 02:50:01,30.32413279,78.06213552,9,642.000,,3.480,279,12,22,,
T,2019-03-09 02:50:02,30.32414171,78.06209352,8,642.000,,3.980,280,11,21,,
T,2019-03-09 02:50:03,30.32416167,78.06204794,8,641.000,,4.230,281,13,23,,
T,2019-03-09 02:50:04,30.32417563,78.06200043,8,641.000,,4.550,278,13,23,,
T,2019-03-09 02:50:05,30.32419479,78.06193908,8,640.000,,5.350,278,11,19,,
T,2019-03-09 02:50:06,30.32420219,78.06188065,8,640.000,,5.870,275,14,23,,
T,2019-03-09 02:50:07,30.32421555,78.06181020,8,640.000,,6.270,276,11,20,,
T,2019-03-09 02:50:08,30.32421747,78.06173464,9,640.000,,6.690,274,11,20,,
T,2019-03-09 02:50:09,30.32421752,78.06165587,9,640.000,,6.960,273,9,22,,
T,2019-03-09 02:50:10,30.32422490,78.06158488,11,641.000,,6.580,275,9,22,,
T,2019-03-09 02:50:11,30.32424829,78.06151510,9,641.000,,6.210,280,13,23,,
T,2019-03-09 02:50:12,30.32425586,78.06145975,9,641.000,,5.880,278,10,19,,
T,2019-03-09 02:50:13,30.32427139,78.06139388,9,641.000,,5.620,279,9,22,,
T,2019-03-09 02:50:14,30.32430227,78.06136187,8,644.000,,4.650,278,11,22,,
T,2019-03-09 02:50:15,30.32430950,78.06131291,6,644.000,,4.870,278,12,22,,
T,2019-03-09 02:50:16,30.32431587,78.06126271,8,645.000,,4.870,278,12,22,,
T,2019-03-09 02:50:17,30.32431610,78.06121321,6,645.000,,4.970,277,12,24,,
T,2019-03-09 02:50:18,30.32431759,78.06116842,8,645.000,,4.930,275,12,24,,
T,2019-03-09 02:50:19,30.32431951,78.06111789,8,645.000,,4.630,276,14,22,,
T,2019-03-09 02:50:20,30.32432764,78.06108037,9,645.000,,4.060,278,10,21,,
T,2019-03-09 02:50:21,30.32433285,78.06103855,9,645.000,,4.060,278,10,21,,
T,2019-03-09 02:50:22,30.32433302,78.06101601,9,645.000,,1.810,277,5,39,,
T,2019-03-09 02:50:23,30.32432929,78.06100098,9,645.000,,1.790,276,12,39,,
T,2019-03-09 02:50:24,30.32430679,78.06100663,8,645.000,,0.150,268,12,39,,
T,2019-03-09 02:50:25,30.32430569,78.06095779,8,648.000,,2.520,255,15,39,,
T,2019-03-09 02:50:26,30.32430148,78.06093407,9,647.000,,2.410,256,16,39,,
T,2019-03-09 02:50:27,30.32428997,78.06092598,9,648.000,,1.550,261,19,39,,
T,2019-03-09 02:50:28,30.32424647,78.06091893,6,645.000,,0.630,276,22,39,,
T,2019-03-09 02:50:29,30.32424133,78.06092586,6,646.000,,0.000,,21,39,,
T,2019-03-09 02:50:30,30.32424289,78.06092401,5,645.000,,0.000,,23,39,,
T,2019-03-09 02:50:31,30.32424024,78.06092202,5,645.000,,0.000,,25,39,,
T,2019-03-09 02:50:32,30.32423891,78.06091315,5,644.000,,0.000,,25,39,,
T,2019-03-09 02:50:33,30.32423840,78.06090915,5,644.000,,0.000,,25,39,,
T,2019-03-09 02:50:34,30.32423823,78.06090766,5,643.000,,0.000,,26,39,,
T,2019-03-09 02:50:35,30.32423833,78.06090297,5,643.000,,0.000,,26,39,,
T,2019-03-09 02:50:36,30.32424355,78.06089011,5,644.000,,1.040,283,26,39,,
T,2019-03-09 02:50:37,30.32425108,78.06087139,5,643.000,,1.880,281,18,24,,
T,2019-03-09 02:50:38,30.32425363,78.06084115,5,643.000,,2.470,279,8,22,,
T,2019-03-09 02:50:39,30.32425356,78.06081964,5,644.000,,2.350,275,9,23,,
T,2019-03-09 02:50:40,30.32425709,78.06079512,5,643.000,,2.610,272,10,38,,
T,2019-03-09 02:50:41,30.32425931,78.06076579,5,644.000,,3.070,270,10,23,,
T,2019-03-09 02:50:42,30.32426003,78.06073052,5,645.000,,3.980,272,8,21,,
T,2019-03-09 02:50:43,30.32425798,78.06069579,5,645.000,,3.830,273,8,21,,
T,2019-03-09 02:50:44,30.32426590,78.06063969,6,641.000,,4.270,270,8,21,,
T,2019-03-09 02:50:45,30.32426942,78.06059134,6,641.000,,4.270,272,8,21,,
T,2019-03-09 02:50:46,30.32427163,78.06054436,6,641.000,,4.280,273,8,21,,
T,2019-03-09 02:50:47,30.32427404,78.06049780,6,641.000,,4.290,273,10,24,,
T,2019-03-09 02:50:48,30.32427701,78.06044915,8,641.000,,4.460,274,5,39,,
T,2019-03-09 02:50:49,30.32428398,78.06039856,6,641.000,,4.720,275,13,39,,
T,2019-03-09 02:50:50,30.32428968,78.06034687,6,641.000,,4.960,275,13,39,,
T,2019-03-09 02:50:51,30.32429496,78.06028839,6,641.000,,4.670,273,14,39,,
T,2019-03-09 02:50:52,30.32430841,78.06023272,6,641.000,,5.160,279,16,39,,
T,2019-03-09 02:50:53,30.32431510,78.06017646,5,643.000,,5.600,278,22,39,,
T,2019-03-09 02:50:54,30.32432617,78.06012535,5,643.000,,5.670,281,23,39,,
T,2019-03-09 02:50:55,30.32433215,78.06005989,5,643.000,,6.390,280,23,39,,
T,2019-03-09 02:50:56,30.32430526,78.05998251,5,642.000,,6.840,275,23,39,,
T,2019-03-09 02:50:57,30.32432059,78.05992220,5,644.000,,6.780,276,24,39,,
T,2019-03-09 02:50:58,30.32433451,78.05982185,5,644.000,,7.620,279,24,39,,
T,2019-03-09 02:50:59,30.32433736,78.05975579,5,644.000,,7.190,277,25,39,,
T,2019-03-09 02:51:00,30.32434538,78.05968034,5,645.000,,7.650,277,25,39,,
T,2019-03-09 02:51:01,30.32435449,78.05959226,5,645.000,,7.740,277,18,24,,
T,2019-03-09 02:51:02,30.32436388,78.05951408,5,645.000,,7.780,277,11,22,,
T,2019-03-09 02:51:03,30.32435762,78.05942662,5,644.000,,7.820,276,11,22,,
T,2019-03-09 02:51:04,30.32436467,78.05934589,5,643.000,,7.810,276,8,21,,
T,2019-03-09 02:51:05,30.32438848,78.05924143,5,643.000,,7.490,273,8,21,,
T,2019-03-09 02:51:06,30.32439735,78.05914953,5,642.000,,7.870,276,13,23,,
T,2019-03-09 02:51:07,30.32440012,78.05904423,5,641.000,,7.500,275,11,22,,
T,2019-03-09 02:51:08,30.32440628,78.05896657,5,641.000,,7.490,275,9,21,,
T,2019-03-09 02:51:09,30.32440639,78.05889423,5,644.000,,6.750,278,9,21,,
T,2019-03-09 02:51:10,30.32442327,78.05881933,6,642.000,,7.300,276,15,39,,
T,2019-03-09 02:51:11,30.32442360,78.05873367,8,642.000,,7.740,273,15,39,,
T,2019-03-09 02:51:12,30.32441800,78.05866571,8,642.000,,7.300,270,15,39,,
T,2019-03-09 02:51:13,30.32442813,78.05859258,8,641.000,,6.850,271,17,39,,
T,2019-03-09 02:51:14,30.32444310,78.05853600,8,639.000,,5.970,270,18,39,,
T,2019-03-09 02:51:15,30.32444972,78.05848156,8,639.000,,5.370,276,21,39,,
T,2019-03-09 02:51:16,30.32445274,78.05844094,6,640.000,,4.530,277,21,39,,
T,2019-03-09 02:51:17,30.32445198,78.05839363,6,640.000,,4.420,276,24,39,,
T,2019-03-09 02:51:18,30.32445407,78.05835073,6,640.000,,4.180,275,26,39,,
T,2019-03-09 02:51:19,30.32445213,78.05831043,6,640.000,,3.990,273,25,39,,
T,2019-03-09 02:51:20,30.32444699,78.05827613,6,640.000,,4.170,268,25,39,,
T,2019-03-09 02:51:21,30.32443604,78.05824465,6,640.000,,3.750,261,25,39,,
T,2019-03-09 02:51:22,30.32442783,78.05821411,6,641.000,,3.560,261,25,39,,
T,2019-03-09 02:51:23,30.32442410,78.05818938,6,641.000,,2.800,261,25,39,,
T,2019-03-09 02:51:24,30.32442334,78.05816496,6,641.000,,2.230,265,25,39,,
T,2019-03-09 02:51:25,30.32442650,78.05814840,6,641.000,,1.780,273,25,39,,
T,2019-03-09 02:51:26,30.32442854,78.05813235,8,641.000,,1.840,271,25,39,,
T,2019-03-09 02:51:27,30.32443210,78.05810707,8,642.000,,2.390,272,26,39,,
T,2019-03-09 02:51:28,30.32442699,78.05808941,6,640.000,,2.350,270,26,39,,
T,2019-03-09 02:51:29,30.32442703,78.05806381,6,641.000,,3.100,273,26,39,,
T,2019-03-09 02:51:30,30.32444168,78.05802875,8,641.000,,3.520,278,26,39,,
T,2019-03-09 02:51:31,30.32444914,78.05799706,8,642.000,,3.380,274,26,39,,
T,2019-03-09 02:51:32,30.32445809,78.05795461,6,642.000,,3.960,271,26,39,,
T,2019-03-09 02:51:33,30.32445900,78.05790759,6,643.000,,4.420,268,26,39,,
T,2019-03-09 02:51:34,30.32445224,78.05785733,6,642.000,,4.650,268,26,39,,
T,2019-03-09 02:51:35,30.32444455,78.05780381,5,642.000,,4.760,258,28,39,,
T,2019-03-09 02:51:36,30.32443482,78.05773958,5,643.000,,5.070,259,28,39,,
T,2019-03-09 02:51:37,30.32443099,78.05770369,5,644.000,,4.110,262,28,39,,
T,2019-03-09 02:51:38,30.32444921,78.05763059,6,641.000,,4.230,263,28,39,,
T,2019-03-09 02:51:39,30.32444290,78.05759014,6,641.000,,4.150,266,28,39,,
T,2019-03-09 02:51:40,30.32443953,78.05754493,6,641.000,,4.550,265,27,38,,
T,2019-03-09 02:51:41,30.32442547,78.05749068,8,642.000,,4.850,262,27,39,,
T,2019-03-09 02:51:42,30.32442698,78.05741783,8,641.000,,5.360,265,27,39,,
T,2019-03-09 02:51:43,30.32440337,78.05734159,8,641.000,,5.810,268,27,39,,
T,2019-03-09 02:51:44,30.32439499,78.05729579,8,642.000,,6.330,265,27,39,,
T,2019-03-09 02:51:45,30.32438446,78.05723043,8,643.000,,6.490,268,27,39,,
T,2019-03-09 02:51:46,30.32438072,78.05715162,8,644.000,,6.800,271,27,39,,
T,2019-03-09 02:51:47,30.32438244,78.05707617,6,644.000,,6.650,277,28,39,,
T,2019-03-09 02:51:48,30.32440771,78.05700483,6,645.000,,6.950,283,28,39,,
T,2019-03-09 02:51:49,30.32441917,78.05692936,6,645.000,,7.270,287,27,39,,
T,2019-03-09 02:51:50,30.32441413,78.05686225,8,645.000,,7.460,281,27,39,,
T,2019-03-09 02:51:51,30.32445090,78.05679181,8,645.000,,6.720,287,27,39,,
T,2019-03-09 02:51:52,30.32446014,78.05671126,6,644.000,,8.210,291,27,39,,
T,2019-03-09 02:51:53,30.32448966,78.05663233,6,644.000,,8.060,290,27,39,,
T,2019-03-09 02:51:54,30.32450346,78.05654646,8,644.000,,8.280,289,26,39,,
T,2019-03-09 02:51:55,30.32453438,78.05645883,6,642.000,,8.670,291,26,39,,
T,2019-03-09 02:51:56,30.32456664,78.05637790,6,642.000,,8.470,293,26,39,,
T,2019-03-09 02:51:57,30.32459117,78.05630307,6,641.000,,7.730,291,27,39,,
T,2019-03-09 02:51:58,30.32462400,78.05623617,6,641.000,,7.230,292,27,39,,
T,2019-03-09 02:51:59,30.32463705,78.05615983,8,642.000,,6.970,285,27,39,,
T,2019-03-09 02:52:00,30.32465133,78.05609752,8,643.000,,6.470,287,27,39,,
T,2019-03-09 02:52:01,30.32465205,78.05602692,8,644.000,,6.460,281,27,39,,
T,2019-03-09 02:52:02,30.32465368,78.05595420,9,645.000,,6.690,280,27,39,,
T,2019-03-09 02:52:03,30.32465378,78.05587003,9,645.000,,7.210,276,28,39,,
T,2019-03-09 02:52:04,30.32466409,78.05580118,17,646.000,,7.270,279,27,39,,
T,2019-03-09 02:52:05,30.32466771,78.05573312,17,647.000,,6.880,274,27,39,,
T,2019-03-09 02:52:06,30.32467059,78.05566496,17,647.000,,6.680,275,27,39,,
T,2019-03-09 02:52:07,30.32468515,78.05558103,17,646.000,,7.540,275,27,39,,
T,2019-03-09 02:52:08,30.32467349,78.05548734,15,646.000,,8.220,281,27,39,,
T,2019-03-09 02:52:09,30.32467911,78.05540990,17,646.000,,8.460,277,28,39,,
T,2019-03-09 02:52:10,30.32469063,78.05530388,17,646.000,,8.490,279,29,39,,
T,2019-03-09 02:52:11,30.32470928,78.05521984,17,647.000,,8.590,279,29,39,,
T,2019-03-09 02:52:12,30.32472797,78.05511064,15,647.000,,9.730,280,29,39,,
T,2019-03-09 02:52:13,30.32473544,78.05499888,15,646.000,,9.600,280,27,39,,
T,2019-03-09 02:52:14,30.32474714,78.05491405,15,648.000,,8.650,277,28,39,,
T,2019-03-09 02:52:15,30.32476556,78.05483377,15,647.000,,8.440,279,28,39,,
T,2019-03-09 02:52:16,30.32478577,78.05475014,15,647.000,,8.360,280,28,39,,
T,2019-03-09 02:52:17,30.32480713,78.05467930,15,646.000,,7.640,280,28,39,,
T,2019-03-09 02:52:18,30.32482084,78.05458844,15,648.000,,8.120,281,28,39,,
T,2019-03-09 02:52:19,30.32482655,78.05445818,15,648.000,,9.170,275,26,39,,
T,2019-03-09 02:52:20,30.32483676,78.05436124,15,648.000,,9.340,276,26,39,,
T,2019-03-09 02:52:21,30.32485611,78.05425801,15,649.000,,9.440,279,26,39,,
T,2019-03-09 02:52:22,30.32487258,78.05415581,15,649.000,,9.540,279,25,39,,
T,2019-03-09 02:52:23,30.32488120,78.05406637,15,648.000,,9.510,277,25,39,,
T,2019-03-09 02:52:24,30.32490692,78.05392210,15,645.000,,10.350,276,26,39,,
T,2019-03-09 02:52:25,30.32492583,78.05382737,15,645.000,,9.760,278,26,39,,
T,2019-03-09 02:52:26,30.32493503,78.05371629,14,646.000,,9.540,276,26,39,,
T,2019-03-09 02:52:27,30.32494306,78.05360676,14,645.000,,9.230,273,27,39,,
T,2019-03-09 02:52:28,30.32496108,78.05351763,14,643.000,,8.630,274,27,39,,
T,2019-03-09 02:52:29,30.32496510,78.05343786,14,643.000,,8.290,269,27,39,,
T,2019-03-09 02:52:30,30.32496344,78.05334340,14,642.000,,8.240,270,27,39,,
T,2019-03-09 02:52:31,30.32496258,78.05326883,15,642.000,,7.950,271,27,39,,
T,2019-03-09 02:52:32,30.32496489,78.05318737,14,642.000,,8.500,271,27,39,,
T,2019-03-09 02:52:33,30.32495994,78.05308854,14,642.000,,8.530,270,27,39,,
T,2019-03-09 02:52:34,30.32496431,78.05299918,15,642.000,,8.830,268,27,39,,
T,2019-03-09 02:52:35,30.32495793,78.05291526,15,642.000,,8.170,269,27,39,,
T,2019-03-09 02:52:36,30.32494481,78.05281797,15,641.000,,8.530,267,27,39,,
T,2019-03-09 02:52:37,30.32495683,78.05272966,14,641.000,,8.630,271,26,39,,
T,2019-03-09 02:52:38,30.32495421,78.05262397,14,641.000,,8.180,267,26,39,,
T,2019-03-09 02:52:39,30.32494468,78.05254346,14,640.000,,7.790,263,26,39,,
T,2019-03-09 02:52:40,30.32493038,78.05247392,14,641.000,,7.560,266,26,39,,
T,2019-03-09 02:52:41,30.32492735,78.05238947,14,641.000,,7.720,264,26,39,,
T,2019-03-09 02:52:42,30.32492595,78.05231744,14,642.000,,6.940,269,26,39,,
T,2019-03-09 02:52:43,30.32492402,78.05223299,15,642.000,,7.060,268,26,39,,
T,2019-03-09 02:52:44,30.32492611,78.05215857,15,641.000,,6.870,267,26,39,,
T,2019-03-09 02:52:45,30.32490551,78.05210897,15,641.000,,5.670,259,26,39,,
T,2019-03-09 02:52:46,30.32487760,78.05204389,14,641.000,,5.390,249,27,39,,
T,2019-03-09 02:52:47,30.32485062,78.05201587,15,640.000,,4.240,237,27,39,,
T,2019-03-09 02:52:48,30.32482570,78.05198937,14,640.000,,3.640,228,28,39,,
T,2019-03-09 02:52:49,30.32480160,78.05197922,14,640.000,,2.800,209,28,39,,
T,2019-03-09 02:52:50,30.32478562,78.05196104,15,640.000,,2.120,214,28,39,,
T,2019-03-09 02:52:51,30.32477414,78.05195029,15,640.000,,1.760,217,28,39,,
T,2019-03-09 02:52:52,30.32476784,78.05194916,17,640.000,,1.360,214,27,39,,
T,2019-03-09 02:52:53,30.32476565,78.05193696,18,640.000,,1.150,223,27,39,,
T,2019-03-09 02:52:54,30.32478211,78.05192109,18,640.000,,0.860,268,27,39,,
T,2019-03-09 02:52:55,30.32478089,78.05191511,17,641.000,,0.520,258,27,39,,
T,2019-03-09 02:52:56,30.32477249,78.05190823,17,640.000,,0.000,,27,39,,
T,2019-03-09 02:52:57,30.32478091,78.05190598,17,640.000,,0.000,,27,39,,
T,2019-03-09 02:52:58,30.32478397,78.05190796,17,640.000,,0.000,,27,39,,
T,2019-03-09 02:52:59,30.32477525,78.05190941,17,640.000,,0.330,219,27,39,,
T,2019-03-09 02:53:00,30.32476810,78.05188128,17,641.000,,1.650,234,27,39,,
T,2019-03-09 02:53:01,30.32475724,78.05186592,17,641.000,,1.610,245,27,39,,
T,2019-03-09 02:53:02,30.32475097,78.05184798,15,641.000,,1.770,245,27,39,,
T,2019-03-09 02:53:03,30.32474450,78.05183358,15,642.000,,1.930,242,28,39,,
T,2019-03-09 02:53:04,30.32472949,78.05181569,15,642.000,,2.750,223,27,39,,
T,2019-03-09 02:53:05,30.32470773,78.05179255,15,642.000,,3.540,226,27,39,,
T,2019-03-09 02:53:06,30.32468850,78.05177113,15,640.000,,4.170,232,27,39,,
T,2019-03-09 02:53:07,30.32467436,78.05173922,15,641.000,,4.100,245,26,39,,
T,2019-03-09 02:53:08,30.32467094,78.05169937,15,642.000,,4.390,265,26,39,,
T,2019-03-09 02:53:09,30.32468126,78.05165588,14,644.000,,4.500,281,29,39,,
T,2019-03-09 02:53:10,30.32469418,78.05160837,14,643.000,,5.080,290,29,39,,
T,2019-03-09 02:53:11,30.32471841,78.05154287,14,644.000,,5.550,289,31,39,,
T,2019-03-09 02:53:12,30.32472348,78.05149199,14,644.000,,5.200,277,31,39,,
T,2019-03-09 02:53:13,30.32472273,78.05146239,14,644.000,,3.610,265,31,39,,
T,2019-03-09 02:53:14,30.32472284,78.05142957,14,642.000,,3.310,263,31,39,,
T,2019-03-09 02:53:15,30.32472227,78.05140238,14,642.000,,2.900,262,31,39,,
T,2019-03-09 02:53:16,30.32471802,78.05138675,14,642.000,,2.040,261,31,39,,
T,2019-03-09 02:53:17,30.32471207,78.05136917,14,643.000,,2.050,260,31,39,,
T,2019-03-09 02:53:18,30.32470576,78.05134509,14,642.000,,2.590,258,31,39,,
T,2019-03-09 02:53:19,30.32469284,78.05132539,14,642.000,,2.900,261,31,39,,
T,2019-03-09 02:53:20,30.32468521,78.05129834,14,642.000,,3.170,260,31,39,,
T,2019-03-09 02:53:21,30.32468258,78.05125884,14,641.000,,3.450,266,31,39,,
T,2019-03-09 02:53:22,30.32467301,78.05121085,14,642.000,,4.270,262,31,39,,
T,2019-03-09 02:53:23,30.32465586,78.05117082,14,641.000,,4.200,255,31,39,,
T,2019-03-09 02:53:24,30.32464542,78.05112473,14,640.000,,4.340,255,31,39,,
T,2019-03-09 02:53:25,30.32463518,78.05107979,14,641.000,,4.250,254,31,39,,
T,2019-03-09 02:53:26,30.32462786,78.05103526,14,640.000,,4.410,255,31,40,,
T,2019-03-09 02:53:27,30.32461939,78.05098168,14,640.000,,5.120,251,31,40,,
T,2019-03-09 02:53:28,30.32460563,78.05092751,14,641.000,,5.060,252,31,40,,
T,2019-03-09 02:53:29,30.32459946,78.05086639,15,641.000,,5.470,254,30,39,,
T,2019-03-09 02:53:30,30.32458974,78.05080545,15,640.000,,5.510,254,30,40,,
T,2019-03-09 02:53:31,30.32458564,78.05075298,17,640.000,,5.300,256,30,40,,
T,2019-03-09 02:53:32,30.32456219,78.05070225,17,640.000,,5.010,252,29,39,,
T,2019-03-09 02:53:33,30.32455974,78.05065559,15,641.000,,4.350,250,28,40,,
T,2019-03-09 02:53:34,30.32454588,78.05062348,15,641.000,,3.560,248,28,40,,
T,2019-03-09 02:53:35,30.32454776,78.05059163,15,640.000,,2.820,251,28,40,,
T,2019-03-09 02:53:36,30.32454853,78.05056904,15,640.000,,2.160,260,27,40,,
T,2019-03-09 02:53:37,30.32455538,78.05055937,15,641.000,,1.070,283,27,40,,
T,2019-03-09 02:53:38,30.32454357,78.05056490,15,642.000,,0.000,,27,40,,
T,2019-03-09 02:53:39,30.32454483,78.05056575,15,642.000,,0.000,,28,40,,
T,2019-03-09 02:53:40,30.32454529,78.05056521,15,642.000,,0.000,,27,40,,
T,2019-03-09 02:53:41,30.32454562,78.05056596,15,642.000,,0.000,,25,40,,
T,2019-03-09 02:53:42,30.32454696,78.05056889,15,642.000,,0.000,,25,40,,
T,2019-03-09 02:53:43,30.32454704,78.05056811,15,642.000,,0.000,,25,40,,
T,2019-03-09 02:53:44,30.32454223,78.05057040,15,642.000,,0.000,,26,40,,
T,2019-03-09 02:53:45,30.32454312,78.05057176,15,643.000,,0.000,,26,39,,
T,2019-03-09 02:53:46,30.32456519,78.05056627,15,642.000,,0.490,249,26,39,,
T,2019-03-09 02:53:47,30.32457459,78.05055870,14,642.000,,0.000,,27,39,,
T,2019-03-09 02:53:48,30.32457622,78.05055576,14,642.000,,0.000,,27,39,,
T,2019-03-09 02:53:49,30.32456388,78.05053922,14,641.000,,1.630,289,26,39,,
T,2019-03-09 02:53:50,30.32456304,78.05052119,14,641.000,,1.980,278,26,39,,
T,2019-03-09 02:53:51,30.32456267,78.05049878,14,641.000,,2.360,270,26,39,,
T,2019-03-09 02:53:52,30.32455613,78.05047695,14,640.000,,2.300,266,28,39,,
T,2019-03-09 02:53:53,30.32454609,78.05043628,14,640.000,,3.850,261,28,39,,
T,2019-03-09 02:53:54,30.32453341,78.05039100,14,641.000,,4.060,255,28,39,,
T,2019-03-09 02:53:55,30.32451886,78.05034411,14,642.000,,4.440,250,29,39,,
T,2019-03-09 02:53:56,30.32449618,78.05029171,14,641.000,,5.260,243,29,39,,
T,2019-03-09 02:53:57,30.32446819,78.05023243,14,642.000,,5.290,232,28,39,,
T,2019-03-09 02:53:58,30.32444325,78.05019627,14,642.000,,4.860,235,29,39,,
T,2019-03-09 02:53:59,30.32437473,78.05015529,14,642.000,,6.080,218,29,39,,
T,2019-03-09 02:54:00,30.32433333,78.05012602,14,641.000,,5.860,214,29,39,,
T,2019-03-09 02:54:01,30.32427586,78.05009244,14,642.000,,6.280,207,29,39,,
T,2019-03-09 02:54:02,30.32421130,78.05005696,14,641.000,,7.480,205,29,39,,
T,2019-03-09 02:54:03,30.32414479,78.05002250,14,642.000,,7.620,205,29,39,,
T,2019-03-09 02:54:04,30.32406399,78.04997191,14,640.000,,8.600,208,29,39,,
T,2019-03-09 02:54:05,30.32397411,78.04990027,14,638.000,,9.200,208,29,39,,
T,2019-03-09 02:54:06,30.32391248,78.04986031,14,637.000,,8.980,210,29,39,,
T,2019-03-09 02:54:07,30.32383476,78.04981084,14,637.000,,9.330,208,29,39,,
T,2019-03-09 02:54:08,30.32376439,78.04976222,14,637.000,,9.380,210,29,39,,
T,2019-03-09 02:54:09,30.32368497,78.04970730,14,636.000,,10.210,209,29,39,,
T,2019-03-09 02:54:10,30.32359528,78.04965650,14,636.000,,10.310,209,29,39,,
T,2019-03-09 02:54:11,30.32352470,78.04960973,14,636.000,,9.960,210,29,39,,
T,2019-03-09 02:54:12,30.32343430,78.04955322,14,636.000,,10.500,209,29,39,,
T,2019-03-09 02:54:13,30.32336851,78.04950604,14,636.000,,9.590,211,29,39,,
T,2019-03-09 02:54:14,30.32328393,78.04944373,14,636.000,,9.900,214,29,39,,
T,2019-03-09 02:54:15,30.32321574,78.04938265,15,636.000,,9.870,215,29,39,,
T,2019-03-09 02:54:16,30.32312043,78.04930543,15,636.000,,10.600,217,29,39,,
T,2019-03-09 02:54:17,30.32306563,78.04926460,15,637.000,,8.610,217,29,39,,
T,2019-03-09 02:54:18,30.32300049,78.04920833,15,637.000,,8.650,219,29,39,,
T,2019-03-09 02:54:19,30.32293471,78.04914851,15,636.000,,8.330,219,28,39,,
T,2019-03-09 02:54:20,30.32285819,78.04912862,15,633.000,,7.660,218,28,39,,
T,2019-03-09 02:54:21,30.32283210,78.04907068,15,632.000,,6.950,224,28,39,,
T,2019-03-09 02:54:22,30.32280370,78.04902803,15,633.000,,6.230,228,28,39,,
T,2019-03-09 02:54:23,30.32275377,78.04897690,15,632.000,,6.300,229,28,40,,
T,2019-03-09 02:54:24,30.32269954,78.04890272,15,632.000,,7.100,234,28,40,,
T,2019-03-09 02:54:25,30.32266699,78.04882897,15,632.000,,7.390,243,28,40,,
T,2019-03-09 02:54:26,30.32264900,78.04873439,15,633.000,,7.450,253,29,40,,
T,2019-03-09 02:54:27,30.32266373,78.04864588,14,635.000,,7.270,269,29,40,,
T,2019-03-09 02:54:28,30.32268311,78.04858876,14,634.000,,6.620,276,29,40,,
T,2019-03-09 02:54:29,30.32269757,78.04850913,14,635.000,,6.950,279,29,40,,
T,2019-03-09 02:54:30,30.32270736,78.04843073,15,635.000,,7.100,284,29,40,,
T,2019-03-09 02:54:31,30.32273963,78.04836757,15,637.000,,6.750,290,30,40,,
T,2019-03-09 02:54:32,30.32275867,78.04830287,15,635.000,,6.850,289,31,40,,
T,2019-03-09 02:54:33,30.32279266,78.04822517,15,635.000,,7.010,292,31,40,,
T,2019-03-09 02:54:34,30.32281282,78.04814899,15,635.000,,7.250,290,31,40,,
T,2019-03-09 02:54:35,30.32285046,78.04808079,14,635.000,,7.700,294,31,40,,
T,2019-03-09 02:54:36,30.32287504,78.04798814,15,636.000,,7.410,295,31,40,,
T,2019-03-09 02:54:37,30.32290613,78.04792909,15,638.000,,6.930,299,31,40,,
T,2019-03-09 02:54:38,30.32291312,78.04787174,15,638.000,,6.240,293,31,40,,
T,2019-03-09 02:54:39,30.32293974,78.04782137,15,638.000,,6.210,293,31,40,,
T,2019-03-09 02:54:40,30.32295497,78.04775658,15,638.000,,5.380,292,31,40,,
T,2019-03-09 02:54:41,30.32297958,78.04770970,15,639.000,,5.460,294,31,40,,
T,2019-03-09 02:54:42,30.32299836,78.04763078,15,639.000,,6.050,292,30,40,,
T,2019-03-09 02:54:43,30.32302992,78.04754940,15,637.000,,6.230,292,29,39,,
T,2019-03-09 02:54:44,30.32306781,78.04750302,15,638.000,,5.830,302,29,40,,
T,2019-03-09 02:54:45,30.32310958,78.04743403,17,636.000,,6.140,304,29,40,,
T,2019-03-09 02:54:46,30.32313980,78.04735555,15,636.000,,6.800,296,29,40,,
T,2019-03-09 02:54:47,30.32318469,78.04728542,15,637.000,,7.210,298,29,40,,
T,2019-03-09 02:54:48,30.32321534,78.04721376,15,641.000,,7.340,295,29,40,,
T,2019-03-09 02:54:49,30.32324285,78.04714186,15,639.000,,7.270,296,29,40,,
T,2019-03-09 02:54:50,30.32327373,78.04706430,15,638.000,,7.140,295,29,40,,
T,2019-03-09 02:54:51,30.32329792,78.04700135,17,637.000,,5.950,298,29,40,,
T,2019-03-09 02:54:52,30.32335525,78.04693872,17,635.000,,6.150,301,29,40,,
T,2019-03-09 02:54:53,30.32335932,78.04688151,17,635.000,,5.780,296,29,40,,
T,2019-03-09 02:54:54,30.32336776,78.04681972,17,634.000,,5.660,292,29,40,,
T,2019-03-09 02:54:55,30.32339107,78.04675357,15,634.000,,5.880,293,29,40,,
T,2019-03-09 02:54:56,30.32343614,78.04669963,17,635.000,,5.710,295,29,40,,
T,2019-03-09 02:54:57,30.32342681,78.04664031,17,633.000,,5.630,292,29,40,,
T,2019-03-09 02:54:58,30.32343929,78.04657261,15,632.000,,6.430,288,29,40,,
T,2019-03-09 02:54:59,30.32345396,78.04651300,15,632.000,,6.290,289,29,40,,
T,2019-03-09 02:55:00,30.32346661,78.04645428,15,632.000,,6.030,287,29,40,,
T,2019-03-09 02:55:01,30.32347273,78.04639822,15,632.000,,5.690,287,29,40,,
T,2019-03-09 02:55:02,30.32348843,78.04634367,15,637.000,,5.710,288,29,40,,
T,2019-03-09 02:55:03,30.32350866,78.04628244,15,634.000,,5.830,291,29,40,,
T,2019-03-09 02:55:04,30.32354117,78.04622253,15,633.000,,6.230,293,29,40,,
T,2019-03-09 02:55:05,30.32357389,78.04616194,15,632.000,,6.440,294,28,40,,
T,2019-03-09 02:55:06,30.32359083,78.04609902,15,633.000,,6.140,292,28,40,,
T,2019-03-09 02:55:07,30.32362872,78.04604964,15,633.000,,5.950,292,28,40,,
T,2019-03-09 02:55:08,30.32364634,78.04599100,15,633.000,,5.580,290,28,40,,
T,2019-03-09 02:55:09,30.32364471,78.04593377,15,633.000,,5.390,284,28,40,,
T,2019-03-09 02:55:10,30.32365990,78.04588981,15,633.000,,4.720,283,29,40,,
T,2019-03-09 02:55:11,30.32365961,78.04584858,8,633.000,,3.850,275,29,40,,
T,2019-03-09 02:55:12,30.32365802,78.04582447,6,632.000,,2.730,270,29,40,,
T,2019-03-09 02:55:14,30.32365751,78.04576852,5,630.000,,2.120,269,29,40,,
T,2019-03-09 02:55:15,30.32365551,78.04577888,5,629.000,,0.720,216,31,40,,
T,2019-03-09 02:55:16,30.32365091,78.04576759,5,630.000,,0.380,282,31,40,,
T,2019-03-09 02:55:17,30.32364756,78.04576623,5,630.000,,0.240,288,32,40,,
T,2019-03-09 02:55:18,30.32364859,78.04575656,5,630.000,,1.600,284,32,40,,
T,2019-03-09 02:55:19,30.32365151,78.04574177,5,631.000,,1.590,290,33,40,,
T,2019-03-09 02:55:20,30.32365123,78.04573558,5,631.000,,0.360,284,33,40,,
T,2019-03-09 02:55:21,30.32365016,78.04573613,5,631.000,,0.370,296,33,40,,
T,2019-03-09 02:55:22,30.32365049,78.04573976,5,631.000,,0.230,42,33,40,,
T,2019-03-09 02:55:23,30.32365182,78.04574599,5,632.000,,0.480,22,33,40,,
T,2019-03-09 02:55:24,30.32364636,78.04575458,5,632.000,,0.000,,33,40,,
T,2019-03-09 02:55:25,30.32364259,78.04575838,5,632.000,,0.000,,33,40,,
T,2019-03-09 02:55:26,30.32364069,78.04576026,5,632.000,,0.000,,34,40,,
T,2019-03-09 02:55:27,30.32363974,78.04576120,5,632.000,,0.000,,34,40,,
T,2019-03-09 02:55:28,30.32364281,78.04576343,5,632.000,,0.000,,34,40,,
T,2019-03-09 02:55:29,30.32364577,78.04576509,5,632.000,,0.000,,34,40,,
T,2019-03-09 02:55:30,30.32365459,78.04576223,5,632.000,,0.880,335,33,40,,
T,2019-03-09 02:55:31,30.32366161,78.04575962,5,633.000,,0.700,343,34,40,,
T,2019-03-09 02:55:32,30.32366480,78.04576043,5,633.000,,0.240,37,34,40,,
T,2019-03-09 02:55:33,30.32366304,78.04576320,5,633.000,,0.000,,32,40,,
T,2019-03-09 02:55:34,30.32366253,78.04576372,5,633.000,,0.000,,32,40,,
T,2019-03-09 02:55:35,30.32366788,78.04576404,5,632.000,,0.720,347,32,40,,
T,2019-03-09 02:55:36,30.32367961,78.04576234,5,632.000,,1.480,346,32,40,,
T,2019-03-09 02:55:37,30.32369463,78.04575878,5,632.000,,1.460,345,34,40,,
T,2019-03-09 02:55:38,30.32370883,78.04575549,5,632.000,,1.440,345,34,40,,
T,2019-03-09 02:55:39,30.32372232,78.04575091,5,633.000,,1.420,340,33,40,,
T,2019-03-09 02:55:40,30.32373544,78.04574632,5,633.000,,1.410,340,33,40,,
T,2019-03-09 02:55:41,30.32374889,78.04574265,5,633.000,,1.390,343,32,39,,
T,2019-03-09 02:55:42,30.32376361,78.04574304,5,632.000,,1.390,355,32,40,,
T,2019-03-09 02:55:43,30.32377806,78.04574660,5,632.000,,1.390,5,32,40,,
T,2019-03-09 02:55:44,30.32379153,78.04575332,5,632.000,,1.390,18,31,40,,
T,2019-03-09 02:55:45,30.32380571,78.04575951,5,632.000,,1.390,15,32,40,,
T,2019-03-09 02:55:46,30.32381936,78.04576506,5,632.000,,1.390,14,33,40,,
T,2019-03-09 02:55:47,30.32383298,78.04577033,5,632.000,,1.390,10,33,39,,
T,2019-03-09 02:55:48,30.32384501,78.04577721,5,632.000,,1.380,21,33,39,,
T,2019-03-09 02:55:49,30.32385666,78.04578396,5,632.000,,1.370,23,33,38,,
T,2019-03-09 02:55:50,30.32386847,78.04578829,5,632.000,,1.370,15,33,39,,
T,2019-03-09 02:55:51,30.32388224,78.04578754,5,631.000,,1.380,352,32,39,,
T,2019-03-09 02:55:52,30.32389576,78.04578192,5,631.000,,1.390,340,34,39,,
T,2019-03-09 02:55:53,30.32390970,78.04577622,5,631.000,,1.400,341,34,39,,
T,2019-03-09 02:55:54,30.32392441,78.04577439,5,631.000,,1.420,356,34,39,,
T,2019-03-09 02:55:55,30.32393905,78.04577626,5,632.000,,1.420,9,33,39,,
T,2019-03-09 02:55:56,30.32395342,78.04578196,5,632.000,,1.420,20,33,39,,
T,2019-03-09 02:55:57,30.32396784,78.04578854,5,632.000,,1.430,20,33,39,,
T,2019-03-09 02:55:58,30.32398106,78.04579261,5,632.000,,1.410,10,33,39,,
T,2019-03-09 02:55:59,30.32399440,78.04579522,5,632.000,,1.420,6,33,39,,
T,2019-03-09 02:56:00,30.32400804,78.04579472,5,632.000,,1.420,356,33,39,,
T,2019-03-09 02:56:01,30.32402122,78.04579385,5,633.000,,1.420,1,34,39,,
T,2019-03-09 02:56:02,30.32403608,78.04579357,5,633.000,,1.430,357,34,39,,
T,2019-03-09 02:56:03,30.32404954,78.04579428,5,633.000,,1.420,4,34,39,,
T,2019-03-09 02:56:04,30.32406218,78.04579788,5,634.000,,1.420,13,34,39,,
T,2019-03-09 02:56:05,30.32407473,78.04580381,5,634.000,,1.420,22,34,39,,
T,2019-03-09 02:56:06,30.32408875,78.04581171,5,634.000,,1.440,28,34,39,,
T,2019-03-09 02:56:07,30.32410210,78.04582076,5,634.000,,1.440,30,33,39,,
T,2019-03-09 02:56:08,30.32411253,78.04583182,5,634.000,,1.430,44,34,39,,
T,2019-03-09 02:56:09,30.32412443,78.04584314,5,634.000,,1.440,44,34,39,,
T,2019-03-09 02:56:10,30.32413678,78.04585326,5,634.000,,1.440,41,34,39,,
T,2019-03-09 02:56:11,30.32415009,78.04586110,5,634.000,,1.440,25,34,39,,
T,2019-03-09 02:56:12,30.32416476,78.04586738,5,635.000,,1.450,22,34,39,,
T,2019-03-09 02:56:13,30.32417999,78.04587270,5,635.000,,1.450,17,33,39,,
T,2019-03-09 02:56:14,30.32419435,78.04587834,5,635.000,,1.450,19,34,39,,
T,2019-03-09 02:56:15,30.32420782,78.04588614,5,635.000,,1.450,24,34,39,,
T,2019-03-09 02:56:16,30.32422074,78.04589552,5,635.000,,1.460,33,34,39,,
T,2019-03-09 02:56:17,30.32423380,78.04590494,5,635.000,,1.460,31,34,39,,
T,2019-03-09 02:56:18,30.32424759,78.04591322,5,635.000,,1.470,27,34,39,,
T,2019-03-09 02:56:19,30.32426141,78.04592102,5,635.000,,1.470,23,34,39,,
T,2019-03-09 02:56:20,30.32427548,78.04593040,5,635.000,,1.480,27,34,39,,
T,2019-03-09 02:56:21,30.32428840,78.04594242,5,635.000,,1.490,32,33,39,,
T,2019-03-09 02:56:22,30.32430119,78.04595558,5,635.000,,1.500,36,33,39,,
T,2019-03-09 02:56:23,30.32431357,78.04596899,5,635.000,,1.500,38,33,39,,
T,2019-03-09 02:56:24,30.32432543,78.04598100,5,635.000,,1.500,34,34,39,,
T,2019-03-09 02:56:25,30.32433783,78.04599189,5,636.000,,1.500,32,34,39,,
T,2019-03-09 02:56:26,30.32434991,78.04600096,5,636.000,,1.490,28,34,39,,
T,2019-03-09 02:56:27,30.32436165,78.04601092,5,636.000,,1.490,30,34,39,,
T,2019-03-09 02:56:28,30.32437290,78.04602201,5,636.000,,1.490,32,34,39,,
T,2019-03-09 02:56:29,30.32438357,78.04603409,5,636.000,,1.490,37,35,39,,
T,2019-03-09 02:56:30,30.32439497,78.04604573,5,636.000,,1.490,35,35,39,,
T,2019-03-09 02:56:31,30.32440494,78.04605714,5,636.000,,1.490,39,35,39,,
T,2019-03-09 02:56:32,30.32441525,78.04606954,5,636.000,,1.490,43,35,39,,
T,2019-03-09 02:56:33,30.32442519,78.04608278,5,637.000,,1.490,51,35,39,,
T,2019-03-09 02:56:34,30.32443626,78.04609552,5,637.000,,1.490,42,34,39,,
T,2019-03-09 02:56:35,30.32444785,78.04610401,5,637.000,,1.480,33,35,39,,
T,2019-03-09 02:56:36,30.32446019,78.04611053,5,637.000,,1.470,24,35,39,,
T,2019-03-09 02:56:37,30.32447270,78.04611718,5,637.000,,1.470,29,35,39,,
T,2019-03-09 02:56:38,30.32448406,78.04612285,5,636.000,,1.470,30,35,39,,
T,2019-03-09 02:56:39,30.32449412,78.04612187,5,636.000,,1.450,2,35,39,,
T,2019-03-09 02:56:40,30.32449696,78.04610844,5,636.000,,1.440,301,33,39,,
T,2019-03-09 02:56:41,30.32449692,78.04609664,5,636.000,,0.220,263,33,39,,
T,2019-03-09 02:56:42,30.32449068,78.04608738,5,636.000,,0.800,236,33,39,,
T,2019-03-09 02:56:43,30.32448616,78.04608166,5,636.000,,0.000,,33,39,,
T,2019-03-09 02:56:44,30.32448423,78.04607727,5,636.000,,0.300,259,34,39,,
T,2019-03-09 02:56:45,30.32448074,78.04606811,5,636.000,,0.000,,34,39,,
T,2019-03-09 02:56:46,30.32447968,78.04606585,5,635.000,,0.230,9,34,39,,
T,2019-03-09 02:56:47,30.32448066,78.04606248,5,635.000,,0.390,337,34,39,,
T,2019-03-09 02:56:48,30.32448288,78.04605898,5,636.000,,0.390,336,34,39,,
T,2019-03-09 02:56:49,30.32448429,78.04605880,5,636.000,,0.510,357,35,39,,
T,2019-03-09 02:56:50,30.32448462,78.04605803,5,636.000,,0.000,,35,39,,
T,2019-03-09 02:56:51,30.32448927,78.04606077,5,636.000,,1.440,26,33,39,,
T,2019-03-09 02:56:52,30.32449793,78.04606824,6,636.000,,1.440,38,34,39,,
T,2019-03-09 02:56:53,30.32450243,78.04607373,5,636.000,,1.050,26,34,39,,
T,2019-03-09 02:56:54,30.32450259,78.04607634,5,636.000,,0.200,83,34,39,,
T,2019-03-09 02:56:55,30.32449850,78.04607526,5,636.000,,0.150,252,33,39,,
T,2019-03-09 02:56:56,30.32449427,78.04607158,5,636.000,,0.180,4,32,39,,
T,2019-03-09 02:56:57,30.32449087,78.04606762,5,636.000,,0.000,,32,39,,
T,2019-03-09 02:56:58,30.32448171,78.04605932,5,636.000,,0.000,,34,39,,
T,2019-03-09 02:56:59,30.32447831,78.04605686,5,636.000,,0.000,,33,39,,
T,2019-03-09 02:57:00,30.32447415,78.04605597,5,636.000,,0.000,,33,39,,
T,2019-03-09 02:57:01,30.32447218,78.04605549,5,636.000,,0.000,,33,39,,
T,2019-03-09 02:57:02,30.32447117,78.04605521,5,636.000,,0.000,,33,39,,
T,2019-03-09 02:57:03,30.32446808,78.04605402,5,636.000,,0.240,202,33,39,,
T,2019-03-09 02:57:04,30.32446369,78.04605197,5,637.000,,0.000,,33,39,,
