type,time,latitude,longitude,accuracy (m),altitude (m),geoid_height (m),speed (m/s),bearing (deg),sat_used,sat_inview,name,desc
T,2019-03-15 03:12:42,30.32257053,78.07028228,5,621.000,,0.000,,25,38,20190315-084242,GPS Logger: 20190315-084242
T,2019-03-15 03:12:43,30.32257415,78.07028266,5,622.000,,0.000,,26,38,,
T,2019-03-15 03:12:44,30.32257070,78.07027787,5,622.000,,0.000,,27,39,,
T,2019-03-15 03:12:45,30.32257358,78.07027241,5,623.000,,0.000,,28,39,,
T,2019-03-15 03:12:46,30.32257212,78.07026867,5,622.000,,0.000,,28,39,,
T,2019-03-15 03:12:47,30.32257050,78.07026465,5,622.000,,0.180,214,28,39,,
T,2019-03-15 03:12:48,30.32256317,78.07025479,5,622.000,,0.000,,28,39,,
T,2019-03-15 03:12:49,30.32256061,78.07025377,5,622.000,,0.000,,28,39,,
T,2019-03-15 03:12:50,30.32255921,78.07025060,5,622.000,,0.000,,28,39,,
T,2019-03-15 03:12:51,30.32256085,78.07024753,5,621.000,,0.000,,28,39,,
T,2019-03-15 03:12:52,30.32256111,78.07024682,5,621.000,,0.000,,28,39,,
T,2019-03-15 03:12:53,30.32256704,78.07024624,5,620.000,,0.000,,28,39,,
T,2019-03-15 03:12:54,30.32256658,78.07024421,5,619.000,,0.000,,17,25,,
T,2019-03-15 03:12:55,30.32256715,78.07024463,5,620.000,,0.000,,11,19,,
T,2019-03-15 03:12:56,30.32256715,78.07024463,5,620.000,,0.000,,11,19,,
T,2019-03-15 03:12:57,30.32256871,78.07024265,5,620.000,,0.000,,8,20,,
T,2019-03-15 03:12:58,30.32256876,78.07024250,5,620.000,,0.000,,11,21,,
T,2019-03-15 03:12:59,30.32256876,78.07024250,5,620.000,,0.000,,11,21,,
T,2019-03-15 03:13:00,30.32256789,78.07024172,6,620.000,,0.000,,11,19,,
T,2019-03-15 03:13:01,30.32258849,78.07018452,6,621.000,,4.660,283,13,21,,
T,2019-03-15 03:13:02,30.32260006,78.07011814,6,620.000,,5.680,274,10,18,,
T,2019-03-15 03:13:03,30.32260379,78.07005923,6,620.000,,5.680,274,10,18,,
T,2019-03-15 03:13:04,30.32261712,78.06998811,8,620.000,,6.090,274,10,19,,
T,2019-03-15 03:13:05,30.32261495,78.06990505,6,620.000,,6.770,271,12,36,,
T,2019-03-15 03:13:06,30.32262149,78.06983277,6,621.000,,7.150,272,12,36,,
T,2019-03-15 03:13:07,30.32262801,78.06975172,8,623.000,,7.410,273,15,36,,
T,2019-03-15 03:13:08,30.32260100,78.06967175,6,623.000,,7.710,270,13,20,,
T,2019-03-15 03:13:09,30.32259351,78.06959174,8,622.000,,7.880,269,12,22,,
T,2019-03-15 03:13:10,30.32259907,78.06949254,8,622.000,,8.120,266,12,22,,
T,2019-03-15 03:13:11,30.32258485,78.06939496,8,621.000,,8.180,268,11,19,,
T,2019-03-15 03:13:12,30.32258865,78.06931133,8,621.000,,8.210,267,11,21,,
T,2019-03-15 03:13:13,30.32258496,78.06922269,8,620.000,,8.080,266,14,21,,
T,2019-03-15 03:13:14,30.32258025,78.06913881,9,620.000,,8.080,266,14,21,,
T,2019-03-15 03:13:15,30.32260423,78.06905615,6,621.000,,8.270,273,12,19,,
T,2019-03-15 03:13:16,30.32260866,78.06897032,8,621.000,,8.270,274,12,19,,
T,2019-03-15 03:13:17,30.32260085,78.06889152,8,622.000,,8.390,275,12,19,,
T,2019-03-15 03:13:18,30.32260851,78.06880477,9,622.000,,8.380,275,13,20,,
T,2019-03-15 03:13:19,30.32262077,78.06871518,8,622.000,,8.370,275,11,19,,
T,2019-03-15 03:13:20,30.32262788,78.06865463,5,622.000,,6.900,271,14,36,,
T,2019-03-15 03:13:21,30.32263204,78.06858308,6,623.000,,6.700,273,13,20,,
T,2019-03-15 03:13:22,30.32264161,78.06850867,6,623.000,,6.640,273,10,19,,
T,2019-03-15 03:13:23,30.32264199,78.06844823,6,624.000,,6.410,272,11,20,,
T,2019-03-15 03:13:24,30.32264844,78.06838206,6,625.000,,6.450,273,13,22,,
T,2019-03-15 03:13:25,30.32265185,78.06831507,8,625.000,,6.450,275,13,22,,
T,2019-03-15 03:13:26,30.32264543,78.06824640,6,626.000,,5.800,280,14,21,,
T,2019-03-15 03:13:27,30.32265198,78.06818885,8,626.000,,5.510,278,9,16,,
T,2019-03-15 03:13:28,30.32264246,78.06812982,8,627.000,,4.870,279,11,19,,
T,2019-03-15 03:13:29,30.32265062,78.06808006,9,627.000,,4.860,282,11,19,,
T,2019-03-15 03:13:30,30.32267158,78.06803716,8,627.000,,4.070,279,13,20,,
T,2019-03-15 03:13:31,30.32266803,78.06799349,8,629.000,,4.430,268,11,19,,
T,2019-03-15 03:13:32,30.32266684,78.06794493,8,630.000,,5.070,266,10,20,,
T,2019-03-15 03:13:33,30.32266455,78.06789241,9,630.000,,5.030,281,10,20,,
T,2019-03-15 03:13:34,30.32267788,78.06781681,9,626.000,,6.600,293,10,19,,
T,2019-03-15 03:13:35,30.32269652,78.06775161,11,627.000,,6.600,289,10,19,,
T,2019-03-15 03:13:36,30.32272891,78.06766556,9,628.000,,7.970,292,12,19,,
T,2019-03-15 03:13:37,30.32276768,78.06758473,8,629.000,,8.130,295,10,19,,
T,2019-03-15 03:13:38,30.32279472,78.06750508,8,631.000,,8.640,295,10,19,,
T,2019-03-15 03:13:39,30.32284996,78.06742345,9,628.000,,9.030,295,10,19,,
T,2019-03-15 03:13:40,30.32288746,78.06734338,9,626.000,,9.250,291,13,20,,
T,2019-03-15 03:13:41,30.32291598,78.06725476,11,627.000,,9.320,291,10,18,,
T,2019-03-15 03:13:42,30.32292866,78.06716180,11,626.000,,9.450,289,13,21,,
T,2019-03-15 03:13:43,30.32295168,78.06706498,9,625.000,,9.590,287,12,20,,
T,2019-03-15 03:13:44,30.32296866,78.06697200,9,626.000,,9.900,288,12,18,,
T,2019-03-15 03:13:45,30.32301020,78.06687711,9,627.000,,9.860,288,11,19,,
T,2019-03-15 03:13:46,30.32301724,78.06676740,9,629.000,,9.940,285,12,21,,
T,2019-03-15 03:13:47,30.32306312,78.06666902,9,629.000,,10.370,285,11,19,,
T,2019-03-15 03:13:48,30.32309416,78.06655780,9,628.000,,10.360,286,13,21,,
T,2019-03-15 03:13:49,30.32313133,78.06645624,8,627.000,,10.600,286,12,20,,
T,2019-03-15 03:13:50,30.32314172,78.06635211,8,629.000,,10.580,286,13,20,,
T,2019-03-15 03:13:51,30.32316115,78.06625094,8,629.000,,10.320,285,11,18,,
T,2019-03-15 03:13:52,30.32318231,78.06615036,8,630.000,,10.110,286,13,20,,
T,2019-03-15 03:13:53,30.32318511,78.06604117,8,629.000,,10.280,286,13,20,,
T,2019-03-15 03:13:54,30.32319241,78.06593243,8,630.000,,10.200,288,13,20,,
T,2019-03-15 03:13:55,30.32321631,78.06583217,8,630.000,,10.320,286,12,20,,
T,2019-03-15 03:13:56,30.32324176,78.06572892,8,631.000,,10.320,286,12,20,,
T,2019-03-15 03:13:57,30.32327463,78.06562420,8,631.000,,10.380,288,14,21,,
T,2019-03-15 03:13:58,30.32330162,78.06551517,9,631.000,,10.560,287,14,21,,
T,2019-03-15 03:13:59,30.32333528,78.06540018,9,631.000,,10.770,285,11,19,,
T,2019-03-15 03:14:00,30.32335901,78.06529104,9,631.000,,10.560,284,12,20,,
T,2019-03-15 03:14:01,30.32338965,78.06517346,9,632.000,,10.520,286,13,20,,
T,2019-03-15 03:14:02,30.32341829,78.06506801,9,633.000,,10.380,286,14,19,,
T,2019-03-15 03:14:03,30.32344866,78.06497439,8,633.000,,10.100,287,13,19,,
T,2019-03-15 03:14:04,30.32347956,78.06487394,8,634.000,,9.880,289,13,19,,
T,2019-03-15 03:14:05,30.32351732,78.06477450,9,635.000,,9.610,291,11,19,,
T,2019-03-15 03:14:06,30.32356281,78.06468270,9,635.000,,8.900,291,11,20,,
T,2019-03-15 03:14:07,30.32358521,78.06459609,8,635.000,,8.300,285,12,19,,
T,2019-03-15 03:14:08,30.32360582,78.06451321,9,636.000,,8.290,291,12,19,,
T,2019-03-15 03:14:09,30.32363280,78.06444272,8,636.000,,7.550,292,12,19,,
T,2019-03-15 03:14:10,30.32364752,78.06436591,8,635.000,,7.070,290,16,21,,
T,2019-03-15 03:14:11,30.32366753,78.06430510,8,635.000,,6.520,290,13,18,,
T,2019-03-15 03:14:12,30.32368397,78.06424481,6,636.000,,6.490,290,11,19,,
T,2019-03-15 03:14:13,30.32370113,78.06418947,6,637.000,,5.870,293,12,20,,
T,2019-03-15 03:14:14,30.32372984,78.06414014,6,638.000,,4.680,299,13,20,,
T,2019-03-15 03:14:15,30.32373829,78.06408692,8,638.000,,4.930,304,12,20,,
T,2019-03-15 03:14:16,30.32375838,78.06404538,8,639.000,,4.460,301,11,19,,
T,2019-03-15 03:14:17,30.32377995,78.06400674,9,639.000,,4.380,322,11,19,,
T,2019-03-15 03:14:18,30.32379418,78.06399878,8,643.000,,3.260,335,12,17,,
T,2019-03-15 03:14:19,30.32383962,78.06398645,8,641.000,,3.090,351,9,17,,
T,2019-03-15 03:14:20,30.32385813,78.06397993,9,642.000,,1.660,339,9,17,,
T,2019-03-15 03:14:21,30.32387388,78.06397105,11,643.000,,1.740,339,5,35,,
T,2019-03-15 03:14:22,30.32389216,78.06396672,11,644.000,,1.780,343,5,35,,
T,2019-03-15 03:14:23,30.32391670,78.06397707,11,644.000,,1.780,7,17,35,,
T,2019-03-15 03:14:24,30.32394178,78.06400055,11,644.000,,1.810,27,17,35,,
T,2019-03-15 03:14:25,30.32396644,78.06402970,11,645.000,,1.880,38,23,35,,
T,2019-03-15 03:14:26,30.32401028,78.06406270,9,645.000,,2.030,28,23,35,,
T,2019-03-15 03:14:27,30.32404238,78.06408349,9,646.000,,2.100,27,25,35,,
T,2019-03-15 03:14:28,30.32407490,78.06410296,9,645.000,,2.150,25,25,35,,
T,2019-03-15 03:14:29,30.32411313,78.06411632,9,646.000,,2.280,14,27,35,,
T,2019-03-15 03:14:30,30.32454021,78.06427205,6,646.000,,8.130,20,28,35,,
T,2019-03-15 03:14:31,30.32459955,78.06430917,6,646.000,,7.230,22,28,35,,
T,2019-03-15 03:14:32,30.32465508,78.06434656,6,646.000,,7.250,25,28,36,,
T,2019-03-15 03:21:32,30.33658482,78.05554614,6,663.000,,9.370,54,15,19,,
T,2019-03-15 03:21:33,30.33663036,78.05563901,6,664.000,,9.790,52,15,19,,
T,2019-03-15 03:21:34,30.33668523,78.05571870,8,664.000,,9.780,52,15,19,,
T,2019-03-15 03:21:35,30.33671762,78.05581540,8,662.000,,9.040,54,13,17,,
T,2019-03-15 03:21:36,30.33674824,78.05591092,8,662.000,,9.000,57,14,18,,
T,2019-03-15 03:21:37,30.33680644,78.05598685,8,661.000,,9.110,54,12,17,,
T,2019-03-15 03:21:38,30.33684786,78.05606205,8,661.000,,9.250,53,16,20,,
T,2019-03-15 03:21:39,30.33689809,78.05613891,8,661.000,,9.250,53,16,20,,
T,2019-03-15 03:21:40,30.33695174,78.05624039,9,661.000,,9.740,48,13,17,,
T,2019-03-15 03:21:41,30.33702312,78.05631204,9,661.000,,9.970,41,14,19,,
T,2019-03-15 03:21:42,30.33710694,78.05639487,9,661.000,,10.160,45,14,19,,
T,2019-03-15 03:21:43,30.33716542,78.05645980,9,661.000,,9.870,46,13,18,,
T,2019-03-15 03:21:44,30.33722418,78.05654254,9,662.000,,10.010,47,17,20,,
T,2019-03-15 03:21:45,30.33729705,78.05661906,9,661.000,,9.960,47,16,19,,
T,2019-03-15 03:21:46,30.33735687,78.05671008,9,661.000,,10.360,49,13,17,,
T,2019-03-15 03:21:47,30.33741643,78.05679015,9,661.000,,10.080,48,14,19,,
T,2019-03-15 03:21:48,30.33745701,78.05689288,9,662.000,,10.210,51,14,18,,
T,2019-03-15 03:21:49,30.33750639,78.05695815,8,661.000,,10.420,45,16,19,,
T,2019-03-15 03:21:50,30.33756612,78.05703994,8,661.000,,10.910,47,14,18,,
T,2019-03-15 03:21:51,30.33763158,78.05712399,9,661.000,,10.840,47,14,19,,
T,2019-03-15 03:21:52,30.33767735,78.05721925,11,662.000,,11.060,53,13,17,,
T,2019-03-15 03:21:53,30.33773796,78.05731077,14,662.000,,11.060,53,13,17,,
T,2019-03-15 03:21:54,30.33777623,78.05744329,12,661.000,,11.170,53,13,17,,
T,2019-03-15 03:21:55,30.33782875,78.05752960,11,661.000,,11.530,51,16,20,,
T,2019-03-15 03:21:56,30.33787635,78.05763295,11,660.000,,10.940,57,16,19,,
T,2019-03-15 03:21:57,30.33792658,78.05772148,11,661.000,,11.190,55,12,15,,
T,2019-03-15 03:21:58,30.33799141,78.05781682,11,662.000,,9.320,53,12,15,,
T,2019-03-15 03:21:59,30.33804842,78.05788106,11,662.000,,8.570,46,13,17,,
T,2019-03-15 03:22:00,30.33810132,78.05794930,11,662.000,,9.040,56,13,18,,
T,2019-03-15 03:22:01,30.33814686,78.05802733,12,663.000,,9.040,56,13,18,,
T,2019-03-15 03:22:02,30.33818021,78.05808988,11,662.000,,8.050,60,14,18,,
T,2019-03-15 03:22:03,30.33821922,78.05815454,11,662.000,,7.880,59,13,17,,
T,2019-03-15 03:22:04,30.33826371,78.05822390,11,662.000,,7.770,59,14,20,,
T,2019-03-15 03:22:05,30.33831023,78.05830556,11,661.000,,7.910,55,14,19,,
T,2019-03-15 03:22:06,30.33834740,78.05838058,12,661.000,,7.900,58,11,16,,
T,2019-03-15 03:22:07,30.33838542,78.05845009,15,661.000,,7.900,58,11,16,,
T,2019-03-15 03:22:08,30.33843299,78.05851843,14,661.000,,7.590,54,11,16,,
T,2019-03-15 03:22:09,30.33845464,78.05857841,14,661.000,,7.440,54,13,20,,
T,2019-03-15 03:22:10,30.33849384,78.05864134,17,661.000,,7.440,54,13,20,,
T,2019-03-15 03:22:11,30.33850556,78.05869178,12,659.000,,5.920,51,12,16,,
T,2019-03-15 03:22:12,30.33854507,78.05874270,14,659.000,,6.300,47,10,17,,
T,2019-03-15 03:22:13,30.33858353,78.05879095,20,659.000,,6.300,47,10,17,,
T,2019-03-15 03:22:14,30.33867566,78.05887326,12,661.000,,8.680,39,13,19,,
T,2019-03-15 03:22:15,30.33873672,78.05892984,15,662.000,,8.680,39,13,19,,
T,2019-03-15 03:22:16,30.33880989,78.05900628,14,662.000,,9.400,37,13,18,,
T,2019-03-15 03:22:17,30.33890009,78.05906404,12,663.000,,9.880,36,13,18,,
T,2019-03-15 03:22:18,30.33898373,78.05912754,12,663.000,,9.480,40,11,16,,
T,2019-03-15 03:22:19,30.33903685,78.05919247,12,664.000,,9.480,41,11,16,,
T,2019-03-15 03:22:20,30.33911987,78.05925420,12,664.000,,10.510,41,14,20,,
T,2019-03-15 03:22:21,30.33919175,78.05932549,14,664.000,,10.510,41,14,20,,
T,2019-03-15 03:22:22,30.33928413,78.05940204,11,664.000,,10.730,38,15,19,,
T,2019-03-15 03:22:23,30.33936069,78.05949484,11,664.000,,11.490,38,15,19,,
T,2019-03-15 03:22:24,30.33945262,78.05956944,9,665.000,,11.560,37,10,14,,
T,2019-03-15 03:22:25,30.33953618,78.05964142,12,665.000,,11.560,37,10,14,,
T,2019-03-15 03:22:26,30.33962562,78.05971447,8,666.000,,11.770,40,13,19,,
T,2019-03-15 03:22:27,30.33971871,78.05979655,9,667.000,,12.400,37,8,15,,
T,2019-03-15 03:22:28,30.33980847,78.05986539,9,666.000,,11.790,34,14,20,,
T,2019-03-15 03:22:29,30.33990753,78.05995550,11,665.000,,12.700,35,12,18,,
T,2019-03-15 03:22:30,30.34000869,78.06004066,12,665.000,,12.970,40,8,15,,
T,2019-03-15 03:22:31,30.34009535,78.06012787,11,665.000,,12.160,34,13,20,,
T,2019-03-15 03:22:32,30.34020347,78.06019767,11,665.000,,11.490,34,11,17,,
T,2019-03-15 03:22:33,30.34029003,78.06024030,11,665.000,,10.870,24,14,19,,
T,2019-03-15 03:22:34,30.34037971,78.06028622,12,665.000,,10.870,24,14,19,,
T,2019-03-15 03:22:35,30.34045861,78.06033139,11,666.000,,10.960,23,10,15,,
T,2019-03-15 03:22:36,30.34054957,78.06037594,14,666.000,,10.950,23,10,15,,
T,2019-03-15 03:22:37,30.34067267,78.06039356,9,666.000,,10.820,14,14,18,,
T,2019-03-15 03:22:38,30.34071494,78.06039586,11,666.000,,8.300,12,12,17,,
T,2019-03-15 03:22:39,30.34078809,78.06041360,14,665.000,,8.290,12,12,17,,
T,2019-03-15 03:22:40,30.34086269,78.06044092,11,665.000,,8.650,16,14,19,,
T,2019-03-15 03:22:41,30.34093788,78.06046520,14,665.000,,8.650,16,14,19,,
T,2019-03-15 03:22:42,30.34102805,78.06047986,11,664.000,,9.620,19,13,19,,
T,2019-03-15 03:22:43,30.34111371,78.06051368,11,664.000,,9.660,21,9,14,,
T,2019-03-15 03:22:44,30.34119527,78.06054938,12,664.000,,9.660,21,9,14,,
T,2019-03-15 03:22:45,30.34127920,78.06058285,12,664.000,,9.320,20,13,16,,
T,2019-03-15 03:22:46,30.34135695,78.06060046,11,664.000,,10.540,15,12,16,,
T,2019-03-15 03:22:47,30.34145679,78.06063444,12,664.000,,10.740,16,12,18,,
T,2019-03-15 03:22:48,30.34155012,78.06066487,14,664.000,,10.750,16,12,18,,
T,2019-03-15 03:22:49,30.34165732,78.06069016,11,665.000,,9.640,13,13,18,,
T,2019-03-15 03:22:50,30.34176686,78.06070856,11,665.000,,9.740,14,14,18,,
T,2019-03-15 03:22:51,30.34186014,78.06072615,11,666.000,,10.020,8,15,19,,
T,2019-03-15 03:22:52,30.34194645,78.06073894,9,666.000,,9.860,6,14,17,,
T,2019-03-15 03:22:53,30.34202605,78.06075602,9,666.000,,9.520,8,16,19,,
T,2019-03-15 03:22:54,30.34210439,78.06077623,8,667.000,,9.700,12,13,16,,
T,2019-03-15 03:22:55,30.34218995,78.06079748,9,667.000,,9.700,12,13,16,,
T,2019-03-15 03:22:56,30.34227309,78.06080963,11,668.000,,9.510,12,10,13,,
T,2019-03-15 03:22:57,30.34235700,78.06083038,15,668.000,,9.510,12,10,13,,
T,2019-03-15 03:22:58,30.34241129,78.06085597,11,669.000,,8.880,15,13,17,,
T,2019-03-15 03:22:59,30.34250329,78.06085013,11,673.000,,10.150,15,12,16,,
T,2019-03-15 03:23:00,30.34260246,78.06087907,11,674.000,,10.910,13,11,18,,
T,2019-03-15 03:23:01,30.34270624,78.06090641,11,675.000,,11.080,15,13,19,,
T,2019-03-15 03:23:02,30.34280982,78.06093096,11,677.000,,11.680,17,13,19,,
T,2019-03-15 03:23:03,30.34290879,78.06095733,11,679.000,,11.290,12,13,19,,
T,2019-03-15 03:23:04,30.34300801,78.06098134,14,674.000,,11.260,12,12,18,,
T,2019-03-15 03:23:05,30.34312126,78.06102089,11,676.000,,11.750,15,13,17,,
T,2019-03-15 03:23:06,30.34321323,78.06104101,12,675.000,,11.780,14,13,17,,
T,2019-03-15 03:23:07,30.34331923,78.06108388,11,675.000,,11.690,17,14,19,,
T,2019-03-15 03:23:08,30.34342643,78.06111266,11,675.000,,11.690,16,14,19,,
T,2019-03-15 03:23:09,30.34353507,78.06115590,11,675.000,,11.350,18,14,19,,
T,2019-03-15 03:23:10,30.34364410,78.06119447,9,677.000,,11.430,18,12,17,,
T,2019-03-15 03:23:11,30.34374227,78.06123104,11,678.000,,11.430,18,12,17,,
T,2019-03-15 03:23:12,30.34384960,78.06127480,9,680.000,,11.310,18,12,17,,
T,2019-03-15 03:23:13,30.34394171,78.06131383,9,682.000,,11.370,18,12,17,,
T,2019-03-15 03:23:14,30.34405009,78.06135106,9,683.000,,11.730,19,11,16,,
T,2019-03-15 03:23:15,30.34415006,78.06139115,11,683.000,,11.730,19,11,16,,
T,2019-03-15 03:23:16,30.34424218,78.06143201,8,684.000,,11.560,21,11,16,,
T,2019-03-15 03:23:17,30.34434714,78.06147823,9,684.000,,11.420,20,13,17,,
T,2019-03-15 03:23:18,30.34444781,78.06154613,11,683.000,,11.280,23,12,16,,
T,2019-03-15 03:23:19,30.34450671,78.06157787,11,683.000,,8.880,18,10,16,,
T,2019-03-15 03:23:20,30.34459387,78.06159963,9,683.000,,8.050,17,14,19,,
T,2019-03-15 03:23:21,30.34466682,78.06161843,9,683.000,,8.230,17,11,16,,
T,2019-03-15 03:23:22,30.34473768,78.06164403,11,683.000,,8.230,17,11,16,,
T,2019-03-15 03:23:23,30.34481816,78.06168669,8,683.000,,8.550,22,11,17,,
T,2019-03-15 03:23:24,30.34489459,78.06171762,8,684.000,,8.730,22,11,17,,
T,2019-03-15 03:23:25,30.34497097,78.06175016,8,685.000,,9.060,20,14,19,,
T,2019-03-15 03:23:26,30.34504308,78.06177952,8,686.000,,9.150,20,13,18,,
T,2019-03-15 03:23:27,30.34512976,78.06180701,8,686.000,,9.600,19,13,18,,
T,2019-03-15 03:23:28,30.34521530,78.06183748,8,687.000,,9.940,18,13,18,,
T,2019-03-15 03:23:29,30.34530604,78.06187192,8,687.000,,10.090,18,12,18,,
T,2019-03-15 03:23:30,30.34539243,78.06190514,8,687.000,,10.090,18,12,18,,
T,2019-03-15 03:23:31,30.34547578,78.06192413,6,688.000,,9.940,18,14,19,,
T,2019-03-15 03:23:32,30.34555426,78.06195215,6,689.000,,9.850,15,11,16,,
T,2019-03-15 03:23:33,30.34564997,78.06198383,6,688.000,,10.270,18,11,18,,
T,2019-03-15 03:23:34,30.34573843,78.06201617,8,688.000,,10.280,18,11,18,,
T,2019-03-15 03:23:35,30.34582317,78.06205071,9,688.000,,10.940,15,14,19,,
T,2019-03-15 03:23:36,30.34591827,78.06208099,11,688.000,,10.930,15,14,19,,
T,2019-03-15 03:23:37,30.34600866,78.06211202,11,689.000,,10.770,18,13,18,,
T,2019-03-15 03:23:38,30.34609341,78.06211675,9,688.000,,9.770,9,14,19,,
T,2019-03-15 03:23:39,30.34617048,78.06213198,9,690.000,,8.610,8,12,17,,
T,2019-03-15 03:23:40,30.34625960,78.06215798,9,691.000,,10.130,9,12,18,,
T,2019-03-15 03:23:41,30.34634995,78.06217448,11,691.000,,10.130,9,12,18,,
T,2019-03-15 03:23:42,30.34644052,78.06219307,11,692.000,,9.580,9,14,18,,
T,2019-03-15 03:23:43,30.34653165,78.06220967,11,691.000,,8.150,9,12,16,,
T,2019-03-15 03:23:44,30.34661173,78.06223140,11,691.000,,8.350,5,13,18,,
T,2019-03-15 03:23:45,30.34668625,78.06221546,11,694.000,,8.320,4,14,18,,
T,2019-03-15 03:23:46,30.34676323,78.06222391,11,696.000,,8.600,7,12,16,,
T,2019-03-15 03:23:47,30.34685215,78.06223097,11,696.000,,8.100,5,11,16,,
T,2019-03-15 03:23:48,30.34691801,78.06223829,11,694.000,,7.630,8,14,19,,
T,2019-03-15 03:23:49,30.34698669,78.06225008,11,694.000,,7.950,6,13,17,,
T,2019-03-15 03:23:50,30.34706110,78.06224347,9,693.000,,7.250,2,14,18,,
T,2019-03-15 03:23:51,30.34710821,78.06224187,9,693.000,,6.890,5,13,18,,
T,2019-03-15 03:23:52,30.34714186,78.06222757,9,693.000,,6.960,4,12,17,,
T,2019-03-15 03:23:53,30.34720890,78.06223440,9,691.000,,7.150,3,13,17,,
T,2019-03-15 03:23:54,30.34729072,78.06224588,11,692.000,,7.910,8,13,19,,
T,2019-03-15 03:23:55,30.34736142,78.06225758,11,692.000,,7.910,8,13,19,,
T,2019-03-15 03:23:56,30.34744636,78.06228460,9,695.000,,9.180,10,10,16,,
T,2019-03-15 03:23:57,30.34753294,78.06230118,11,696.000,,8.890,6,11,18,,
T,2019-03-15 03:23:58,30.34761263,78.06231147,12,696.000,,8.890,6,11,18,,
T,2019-03-15 03:23:59,30.34771503,78.06232285,9,697.000,,10.030,3,13,17,,
T,2019-03-15 03:24:00,30.34781755,78.06233273,9,698.000,,10.670,3,15,19,,
T,2019-03-15 03:24:01,30.34792081,78.06233743,9,698.000,,10.690,1,10,14,,
T,2019-03-15 03:24:02,30.34801832,78.06234098,9,698.000,,11.000,3,10,14,,
T,2019-03-15 03:24:03,30.34812819,78.06234397,9,699.000,,11.250,3,12,18,,
T,2019-03-15 03:24:04,30.34824120,78.06234567,9,699.000,,11.750,2,14,19,,
T,2019-03-15 03:24:05,30.34833727,78.06235391,9,699.000,,11.020,359,13,18,,
T,2019-03-15 03:24:06,30.34842942,78.06235786,9,699.000,,11.180,359,13,18,,
T,2019-03-15 03:24:07,30.34853030,78.06235620,9,699.000,,11.180,359,13,18,,
T,2019-03-15 03:24:08,30.34862792,78.06235513,9,697.000,,11.450,359,12,17,,
T,2019-03-15 03:24:09,30.34872126,78.06234532,9,698.000,,11.700,355,11,16,,
T,2019-03-15 03:24:10,30.34883965,78.06233505,9,698.000,,11.730,355,11,16,,
T,2019-03-15 03:24:11,30.34894513,78.06232485,11,697.000,,11.730,355,13,19,,
T,2019-03-15 03:24:12,30.34905849,78.06233257,9,697.000,,11.780,356,12,18,,
T,2019-03-15 03:24:13,30.34915638,78.06233363,9,698.000,,11.700,353,12,18,,
T,2019-03-15 03:24:14,30.34925411,78.06232260,9,698.000,,11.490,356,12,18,,
T,2019-03-15 03:24:15,30.34935751,78.06231341,11,698.000,,11.490,356,12,18,,
T,2019-03-15 03:24:16,30.34947108,78.06231354,9,698.000,,11.860,356,9,15,,
T,2019-03-15 03:24:17,30.34957797,78.06230510,11,698.000,,11.870,356,9,15,,
T,2019-03-15 03:24:18,30.34967473,78.06228674,8,698.000,,11.980,355,12,16,,
T,2019-03-15 03:24:19,30.34979596,78.06227624,8,698.000,,13.020,357,12,16,,
T,2019-03-15 03:24:20,30.34991321,78.06226991,9,698.000,,13.010,357,13,19,,
T,2019-03-15 03:24:21,30.35004114,78.06226182,8,699.000,,12.350,357,14,17,,
T,2019-03-15 03:24:22,30.35016515,78.06227136,8,699.000,,13.010,357,14,19,,
T,2019-03-15 03:24:23,30.35028678,78.06227299,8,698.000,,13.030,359,14,33,,
T,2019-03-15 03:24:24,30.35040009,78.06228837,8,697.000,,12.270,3,16,18,,
T,2019-03-15 03:24:25,30.35050903,78.06230518,9,698.000,,12.060,8,16,18,,
T,2019-03-15 03:24:26,30.35061601,78.06232538,9,697.000,,12.090,11,13,17,,
T,2019-03-15 03:24:27,30.35072105,78.06235050,8,698.000,,12.030,13,9,14,,
T,2019-03-15 03:24:28,30.35083656,78.06237901,8,699.000,,12.090,15,9,16,,
T,2019-03-15 03:24:29,30.35093402,78.06242567,6,698.000,,12.010,16,11,17,,
T,2019-03-15 03:24:30,30.35103825,78.06245993,8,698.000,,12.010,16,11,17,,
T,2019-03-15 03:24:31,30.35115360,78.06249387,6,698.000,,12.020,17,15,19,,
T,2019-03-15 03:24:32,30.35126431,78.06252284,6,698.000,,12.190,15,16,19,,
T,2019-03-15 03:24:33,30.35137076,78.06255481,9,698.000,,12.190,15,16,19,,
T,2019-03-15 03:24:34,30.35145340,78.06258400,6,697.000,,11.270,18,15,19,,
T,2019-03-15 03:24:35,30.35157079,78.06261970,8,696.000,,12.250,18,12,16,,
T,2019-03-15 03:24:36,30.35167965,78.06265677,8,694.000,,11.980,16,12,17,,
T,2019-03-15 03:24:37,30.35178351,78.06269119,8,694.000,,11.980,16,12,17,,
T,2019-03-15 03:24:38,30.35188655,78.06272195,6,696.000,,11.830,15,12,17,,
T,2019-03-15 03:24:39,30.35200083,78.06275429,6,696.000,,12.370,14,9,15,,
T,2019-03-15 03:24:40,30.35210897,78.06278613,8,696.000,,12.370,14,9,15,,
T,2019-03-15 03:24:41,30.35223340,78.06281742,8,697.000,,12.230,16,11,17,,
T,2019-03-15 03:24:42,30.35233964,78.06285179,9,697.000,,12.230,16,11,17,,
T,2019-03-15 03:24:43,30.35244684,78.06290361,6,697.000,,12.160,17,13,18,,
T,2019-03-15 03:24:44,30.35253701,78.06293574,6,697.000,,10.470,17,14,18,,
T,2019-03-15 03:24:45,30.35263221,78.06297623,6,697.000,,10.060,18,12,17,,
T,2019-03-15 03:24:46,30.35271969,78.06300479,6,697.000,,9.970,19,12,17,,
T,2019-03-15 03:24:47,30.35279560,78.06302496,6,697.000,,9.020,20,12,18,,
T,2019-03-15 03:24:48,30.35288202,78.06306031,6,697.000,,8.860,21,13,19,,
T,2019-03-15 03:24:49,30.35294386,78.06308782,8,698.000,,6.890,20,13,18,,
T,2019-03-15 03:24:50,30.35299475,78.06310722,8,697.000,,6.550,22,15,19,,
T,2019-03-15 03:24:51,30.35303797,78.06313951,6,698.000,,5.780,23,15,19,,
T,2019-03-15 03:24:52,30.35308601,78.06316308,9,698.000,,5.780,23,14,18,,
T,2019-03-15 03:24:53,30.35309930,78.06316923,8,699.000,,3.100,18,14,19,,
T,2019-03-15 03:24:54,30.35313219,78.06318327,8,699.000,,3.760,17,14,18,,
T,2019-03-15 03:24:55,30.35316539,78.06319864,8,699.000,,4.000,22,11,15,,
T,2019-03-15 03:24:56,30.35322160,78.06322490,8,699.000,,5.220,26,12,18,,
T,2019-03-15 03:24:57,30.35326104,78.06324482,9,699.000,,5.110,27,11,16,,
T,2019-03-15 03:24:58,30.35330211,78.06326888,11,699.000,,5.100,27,11,16,,
T,2019-03-15 03:24:59,30.35338278,78.06330146,9,701.000,,6.340,25,10,16,,
T,2019-03-15 03:25:00,30.35343468,78.06332928,14,700.000,,6.340,25,10,16,,
T,2019-03-15 03:25:01,30.35351500,78.06336287,9,701.000,,7.820,22,11,16,,
T,2019-03-15 03:25:02,30.35358052,78.06339317,11,701.000,,7.820,22,11,16,,
T,2019-03-15 03:25:03,30.35365582,78.06341467,8,702.000,,8.850,19,13,19,,
T,2019-03-15 03:25:04,30.35373536,78.06344581,8,703.000,,8.910,22,12,17,,
T,2019-03-15 03:25:05,30.35381001,78.06348011,9,703.000,,8.910,22,12,17,,
T,2019-03-15 03:25:06,30.35389645,78.06353341,8,704.000,,9.640,17,14,18,,
T,2019-03-15 03:25:07,30.35396729,78.06355889,8,703.000,,9.200,18,13,18,,
T,2019-03-15 03:25:08,30.35404931,78.06359692,8,703.000,,10.130,21,10,15,,
T,2019-03-15 03:25:09,30.35413577,78.06363041,8,704.000,,10.140,21,10,15,,
T,2019-03-15 03:25:10,30.35422138,78.06366767,9,704.000,,10.140,21,12,17,,
T,2019-03-15 03:25:11,30.35429556,78.06371024,8,706.000,,10.210,21,14,18,,
T,2019-03-15 03:25:12,30.35438175,78.06374774,11,706.000,,10.210,21,14,18,,
T,2019-03-15 03:25:13,30.35447413,78.06379128,8,707.000,,10.350,26,14,19,,
T,2019-03-15 03:25:14,30.35455834,78.06383791,11,707.000,,10.350,26,14,19,,
T,2019-03-15 03:25:15,30.35464830,78.06387393,11,708.000,,10.830,23,11,16,,
T,2019-03-15 03:25:16,30.35474919,78.06391596,9,707.000,,11.370,23,15,32,,
T,2019-03-15 03:25:17,30.35483626,78.06396108,9,707.000,,11.120,24,15,32,,
T,2019-03-15 03:25:18,30.35494981,78.06402208,8,707.000,,12.290,27,15,18,,
T,2019-03-15 03:25:19,30.35504630,78.06408228,8,707.000,,11.920,30,12,17,,
T,2019-03-15 03:25:20,30.35515550,78.06414901,8,708.000,,12.110,31,12,17,,
T,2019-03-15 03:25:21,30.35524939,78.06421355,12,708.000,,12.110,31,10,16,,
T,2019-03-15 03:25:22,30.35532059,78.06429668,11,708.000,,11.530,37,12,31,,
T,2019-03-15 03:25:23,30.35540075,78.06436804,12,709.000,,11.390,39,13,32,,
T,2019-03-15 03:25:24,30.35548120,78.06444595,12,709.000,,12.080,41,15,33,,
T,2019-03-15 03:25:25,30.35556140,78.06452140,12,709.000,,11.800,41,15,33,,
T,2019-03-15 03:25:26,30.35564927,78.06461599,11,709.000,,11.990,42,21,33,,
T,2019-03-15 03:25:27,30.35575190,78.06470975,8,710.000,,12.370,41,22,33,,
T,2019-03-15 03:25:28,30.35582674,78.06479094,8,710.000,,12.080,44,24,33,,
T,2019-03-15 03:25:29,30.35591653,78.06488053,6,710.000,,12.500,41,25,33,,
T,2019-03-15 03:25:30,30.35600323,78.06496093,8,710.000,,12.070,42,25,33,,
T,2019-03-15 03:25:31,30.35611369,78.06507374,9,710.000,,12.810,43,27,33,,
T,2019-03-15 03:25:32,30.35618209,78.06517090,9,709.000,,12.090,46,27,33,,
T,2019-03-15 03:25:33,30.35624720,78.06523675,8,709.000,,10.870,44,27,33,,
T,2019-03-15 03:25:34,30.35632095,78.06532280,6,708.000,,11.010,45,27,33,,
T,2019-03-15 03:25:35,30.35639841,78.06541691,8,709.000,,11.270,47,27,33,,
T,2019-03-15 03:25:36,30.35646052,78.06547894,6,709.000,,9.950,44,27,33,,
T,2019-03-15 03:25:37,30.35652738,78.06555866,6,709.000,,10.660,45,27,33,,
T,2019-03-15 03:25:38,30.35657905,78.06562864,8,708.000,,10.470,48,27,33,,
T,2019-03-15 03:25:39,30.35664334,78.06569587,8,707.000,,9.830,44,28,33,,
T,2019-03-15 03:25:40,30.35673452,78.06579545,8,707.000,,10.940,42,28,33,,
T,2019-03-15 03:25:41,30.35682418,78.06586536,8,709.000,,10.570,37,29,33,,
T,2019-03-15 03:25:42,30.35690044,78.06592602,8,710.000,,10.510,36,29,33,,
T,2019-03-15 03:25:43,30.35703403,78.06600610,6,711.000,,12.470,29,30,33,,
T,2019-03-15 03:25:44,30.35714781,78.06608424,6,711.000,,12.540,30,30,33,,
T,2019-03-15 03:25:45,30.35725872,78.06616048,6,712.000,,11.770,32,30,33,,
T,2019-03-15 03:25:46,30.35735965,78.06621120,6,712.000,,12.550,23,30,33,,
T,2019-03-15 03:25:47,30.35748483,78.06625742,5,712.000,,12.270,20,30,33,,
T,2019-03-15 03:25:48,30.35758422,78.06630350,5,713.000,,12.000,23,30,33,,
T,2019-03-15 03:25:49,30.35769714,78.06636190,5,713.000,,12.180,23,30,33,,
T,2019-03-15 03:25:50,30.35780009,78.06640410,5,714.000,,12.440,22,30,33,,
T,2019-03-15 03:25:51,30.35791584,78.06646486,5,713.000,,12.490,21,30,33,,
T,2019-03-15 03:25:52,30.35802694,78.06652057,5,713.000,,12.470,21,30,33,,
T,2019-03-15 03:25:53,30.35814694,78.06657578,5,714.000,,12.500,23,16,18,,
T,2019-03-15 03:25:54,30.35824744,78.06662484,5,715.000,,12.110,23,11,17,,
T,2019-03-15 03:25:55,30.35833582,78.06667108,5,715.000,,11.610,24,11,17,,
T,2019-03-15 03:25:56,30.35843229,78.06671306,5,716.000,,11.950,24,12,19,,
T,2019-03-15 03:25:57,30.35854414,78.06678312,5,715.000,,11.650,22,11,17,,
T,2019-03-15 03:25:58,30.35864064,78.06683379,5,716.000,,11.990,23,12,18,,
T,2019-03-15 03:25:59,30.35874397,78.06687661,5,717.000,,11.610,22,12,18,,
T,2019-03-15 03:26:00,30.35883586,78.06692486,5,717.000,,11.880,22,10,15,,
T,2019-03-15 03:26:01,30.35893035,78.06697000,5,717.000,,11.580,22,12,19,,
T,2019-03-15 03:26:02,30.35902746,78.06701454,5,718.000,,11.580,22,12,19,,
T,2019-03-15 03:26:03,30.35913156,78.06705118,5,718.000,,11.590,21,12,19,,
T,2019-03-15 03:26:04,30.35923663,78.06710078,6,719.000,,11.730,22,11,16,,
T,2019-03-15 03:26:05,30.35932718,78.06713957,6,718.000,,11.370,18,11,18,,
T,2019-03-15 03:26:06,30.35939764,78.06714875,6,718.000,,9.880,13,12,18,,
T,2019-03-15 03:26:07,30.35948604,78.06717020,6,718.000,,9.150,11,11,16,,
T,2019-03-15 03:26:08,30.35954254,78.06717475,6,717.000,,8.520,8,12,17,,
T,2019-03-15 03:26:09,30.35962512,78.06720024,6,718.000,,8.250,6,14,18,,
T,2019-03-15 03:26:10,30.35968751,78.06721142,6,717.000,,7.590,10,13,17,,
T,2019-03-15 03:26:11,30.35974818,78.06721685,8,716.000,,6.810,3,13,17,,
T,2019-03-15 03:26:12,30.35981370,78.06723637,8,716.000,,7.470,11,15,18,,
T,2019-03-15 03:26:13,30.35989656,78.06727878,8,716.000,,7.640,15,13,17,,
T,2019-03-15 03:26:14,30.35996323,78.06729916,9,716.000,,7.640,15,13,17,,
T,2019-03-15 03:26:15,30.36006016,78.06730970,8,716.000,,8.240,7,13,17,,
T,2019-03-15 03:26:16,30.36013206,78.06732300,8,716.000,,8.280,10,16,19,,
T,2019-03-15 03:26:17,30.36020566,78.06733770,9,716.000,,8.280,10,16,19,,
T,2019-03-15 03:26:18,30.36026946,78.06732750,9,715.000,,8.720,1,12,16,,
T,2019-03-15 03:26:19,30.36034813,78.06732896,11,715.000,,8.720,1,12,16,,
T,2019-03-15 03:26:20,30.36046905,78.06736239,9,715.000,,10.040,6,11,16,,
T,2019-03-15 03:26:21,30.36055920,78.06737295,11,716.000,,10.040,6,11,16,,
T,2019-03-15 03:26:22,30.36065318,78.06738314,9,715.000,,9.960,8,13,18,,
T,2019-03-15 03:26:23,30.36071986,78.06740137,11,715.000,,9.970,12,13,17,,
T,2019-03-15 03:26:24,30.36082881,78.06743128,11,716.000,,11.030,12,13,17,,
T,2019-03-15 03:26:25,30.36092631,78.06745427,12,717.000,,11.030,12,10,14,,
T,2019-03-15 03:26:26,30.36104951,78.06746477,12,716.000,,11.470,9,10,17,,
T,2019-03-15 03:26:27,30.36115164,78.06748427,15,717.000,,11.470,9,10,17,,
T,2019-03-15 03:26:28,30.36120501,78.06750849,12,715.000,,10.060,15,12,16,,
T,2019-03-15 03:26:29,30.36129259,78.06753599,14,715.000,,10.060,15,12,16,,
T,2019-03-15 03:26:30,30.36140976,78.06757939,12,717.000,,11.130,22,12,18,,
T,2019-03-15 03:26:31,30.36150266,78.06762345,15,717.000,,11.130,22,12,18,,
T,2019-03-15 03:26:32,30.36162112,78.06767484,12,717.000,,11.030,24,10,18,,
T,2019-03-15 03:26:33,30.36171394,78.06772092,11,718.000,,10.340,24,14,19,,
T,2019-03-15 03:26:34,30.36179574,78.06775781,11,715.000,,9.360,22,10,15,,
T,2019-03-15 03:26:35,30.36187288,78.06779028,11,716.000,,8.420,22,10,15,,
T,2019-03-15 03:26:36,30.36194307,78.06782331,12,715.000,,8.410,22,9,18,,
T,2019-03-15 03:26:37,30.36201645,78.06785753,9,717.000,,8.360,23,9,18,,
T,2019-03-15 03:26:38,30.36210258,78.06791314,9,718.000,,8.350,25,13,16,,
T,2019-03-15 03:26:39,30.36217090,78.06794986,12,719.000,,8.350,25,13,16,,
T,2019-03-15 03:26:40,30.36221872,78.06797976,9,720.000,,6.500,23,12,16,,
T,2019-03-15 03:26:41,30.36228108,78.06801249,9,717.000,,9.330,21,13,19,,
T,2019-03-15 03:26:42,30.36236704,78.06805407,9,718.000,,9.740,23,13,18,,
T,2019-03-15 03:26:43,30.36244636,78.06810631,12,716.000,,10.150,31,13,18,,
T,2019-03-15 03:26:44,30.36252451,78.06816132,17,717.000,,10.150,31,11,17,,
T,2019-03-15 03:26:45,30.36264173,78.06819809,11,719.000,,11.320,26,13,19,,
T,2019-03-15 03:26:46,30.36272967,78.06825046,11,717.000,,11.000,29,13,17,,
T,2019-03-15 03:26:47,30.36281321,78.06830767,9,720.000,,11.670,33,13,17,,
T,2019-03-15 03:26:48,30.36289105,78.06836592,11,718.000,,11.330,34,13,18,,
T,2019-03-15 03:26:49,30.36299653,78.06844328,9,720.000,,11.730,34,13,18,,
T,2019-03-15 03:26:50,30.36309927,78.06850761,9,718.000,,12.090,37,10,16,,
T,2019-03-15 03:26:51,30.36318689,78.06858250,12,718.000,,12.090,37,10,16,,
T,2019-03-15 03:26:52,30.36326235,78.06865039,11,720.000,,12.230,37,13,19,,
T,2019-03-15 03:26:53,30.36334531,78.06873522,11,721.000,,12.410,39,13,18,,
T,2019-03-15 03:26:54,30.36344015,78.06881125,11,723.000,,11.920,36,13,18,,
T,2019-03-15 03:26:55,30.36354863,78.06887647,11,719.000,,12.280,38,12,16,,
T,2019-03-15 03:26:56,30.36362216,78.06895942,11,723.000,,10.900,41,10,17,,
T,2019-03-15 03:26:57,30.36369671,78.06903342,11,724.000,,10.900,41,10,17,,
T,2019-03-15 03:26:58,30.36376867,78.06911942,11,726.000,,10.170,40,12,17,,
T,2019-03-15 03:26:59,30.36382706,78.06918763,9,727.000,,8.780,38,13,18,,
T,2019-03-15 03:27:00,30.36390279,78.06922836,11,730.000,,8.480,26,13,18,,
T,2019-03-15 03:27:01,30.36395169,78.06925831,11,730.000,,6.090,29,13,16,,
T,2019-03-15 03:27:02,30.36400300,78.06928045,11,730.000,,5.770,27,12,17,,
T,2019-03-15 03:27:03,30.36404032,78.06930348,12,727.000,,4.860,30,12,17,,
T,2019-03-15 03:27:04,30.36407148,78.06931838,12,729.000,,3.380,30,13,19,,
T,2019-03-15 03:27:05,30.36406937,78.06933134,12,729.000,,1.870,50,11,17,,
T,2019-03-15 03:27:06,30.36407879,78.06933887,14,730.000,,2.270,56,12,18,,
T,2019-03-15 03:27:07,30.36409031,78.06935840,17,730.000,,2.270,56,12,18,,
T,2019-03-15 03:27:08,30.36416801,78.06941894,11,733.000,,5.970,36,12,18,,
T,2019-03-15 03:27:09,30.36420759,78.06945118,12,730.000,,5.950,35,12,16,,
T,2019-03-15 03:27:10,30.36425647,78.06950390,11,732.000,,5.490,36,11,16,,
T,2019-03-15 03:27:11,30.36431070,78.06954467,11,731.000,,6.840,36,11,16,,
T,2019-03-15 03:27:12,30.36436369,78.06959489,12,733.000,,7.760,38,13,18,,
T,2019-03-15 03:27:13,30.36443569,78.06965018,11,732.000,,9.510,36,12,16,,
T,2019-03-15 03:27:14,30.36450629,78.06970837,12,732.000,,9.560,36,12,16,,
T,2019-03-15 03:27:15,30.36458987,78.06978044,12,733.000,,9.660,36,11,15,,
T,2019-03-15 03:27:16,30.36466747,78.06984357,9,736.000,,9.720,36,15,33,,
T,2019-03-15 03:27:17,30.36474326,78.06990678,11,736.000,,9.910,35,16,33,,
T,2019-03-15 03:27:18,30.36482350,78.06998129,9,736.000,,9.470,33,16,19,,
T,2019-03-15 03:27:19,30.36489506,78.07003553,11,737.000,,9.480,33,16,19,,
T,2019-03-15 03:27:20,30.36499105,78.07011207,8,740.000,,10.060,34,11,16,,
T,2019-03-15 03:27:21,30.36506239,78.07016272,8,741.000,,9.810,37,12,18,,
T,2019-03-15 03:27:22,30.36514085,78.07022153,8,741.000,,10.460,35,12,17,,
T,2019-03-15 03:27:23,30.36521794,78.07028438,9,741.000,,10.460,35,12,17,,
T,2019-03-15 03:27:24,30.36528460,78.07033827,8,742.000,,9.530,36,12,17,,
T,2019-03-15 03:27:25,30.36535451,78.07039609,9,743.000,,9.530,36,12,17,,
T,2019-03-15 03:27:26,30.36544664,78.07046211,6,743.000,,11.040,34,12,17,,
T,2019-03-15 03:27:27,30.36552953,78.07052098,6,744.000,,11.180,35,12,19,,
T,2019-03-15 03:27:28,30.36561533,78.07059734,6,744.000,,11.470,38,10,16,,
T,2019-03-15 03:27:29,30.36569615,78.07066647,8,743.000,,11.010,35,10,16,,
T,2019-03-15 03:27:30,30.36578427,78.07074216,8,743.000,,11.240,35,9,15,,
T,2019-03-15 03:27:31,30.36586780,78.07080856,9,742.000,,11.240,35,9,15,,
T,2019-03-15 03:27:32,30.36596389,78.07088358,8,742.000,,11.770,35,13,18,,
T,2019-03-15 03:27:33,30.36605853,78.07097160,8,741.000,,11.920,38,11,16,,
T,2019-03-15 03:27:34,30.36615234,78.07105058,8,742.000,,12.050,37,12,17,,
T,2019-03-15 03:27:35,30.36624540,78.07112388,9,741.000,,12.410,36,10,16,,
T,2019-03-15 03:27:36,30.36633570,78.07120025,12,741.000,,12.410,36,10,16,,
T,2019-03-15 03:27:37,30.36641250,78.07126170,11,744.000,,11.760,37,10,16,,
T,2019-03-15 03:27:38,30.36649829,78.07133798,11,745.000,,11.440,40,12,17,,
T,2019-03-15 03:27:39,30.36657724,78.07141471,12,745.000,,11.440,40,12,17,,
T,2019-03-15 03:27:40,30.36666061,78.07149079,12,745.000,,11.400,38,14,19,,
T,2019-03-15 03:27:41,30.36674318,78.07155870,12,746.000,,11.010,40,11,15,,
T,2019-03-15 03:27:42,30.36681614,78.07162397,12,748.000,,11.460,38,12,18,,
T,2019-03-15 03:27:43,30.36690568,78.07170356,12,747.000,,11.740,41,13,18,,
T,2019-03-15 03:27:44,30.36698778,78.07177515,11,747.000,,11.840,38,8,14,,
T,2019-03-15 03:27:45,30.36708611,78.07185183,11,747.000,,11.750,38,8,14,,
T,2019-03-15 03:27:46,30.36714514,78.07194828,9,747.000,,10.770,48,14,33,,
T,2019-03-15 03:27:47,30.36722334,78.07200725,9,747.000,,10.360,39,15,33,,
T,2019-03-15 03:27:48,30.36729861,78.07208070,8,746.000,,9.970,41,16,33,,
T,2019-03-15 03:27:49,30.36734518,78.07215375,8,747.000,,9.280,42,13,16,,
T,2019-03-15 03:27:50,30.36740745,78.07221843,11,748.000,,9.290,42,13,16,,
T,2019-03-15 03:27:51,30.36748458,78.07229236,8,749.000,,10.430,40,13,16,,
T,2019-03-15 03:27:52,30.36755394,78.07236306,8,750.000,,10.790,41,13,17,,
T,2019-03-15 03:27:53,30.36762317,78.07244168,8,750.000,,10.880,44,13,17,,
T,2019-03-15 03:27:54,30.36770136,78.07252282,8,750.000,,11.310,43,13,17,,
T,2019-03-15 03:27:55,30.36778853,78.07260320,9,751.000,,11.130,41,15,19,,
T,2019-03-15 03:27:56,30.36785800,78.07269561,11,752.000,,11.110,47,14,18,,
T,2019-03-15 03:27:57,30.36791870,78.07276379,9,751.000,,11.480,48,11,17,,
T,2019-03-15 03:27:58,30.36799011,78.07286767,11,752.000,,11.520,48,12,18,,
T,2019-03-15 03:27:59,30.36806096,78.07296489,11,749.000,,11.330,48,12,18,,
T,2019-03-15 03:28:00,30.36813891,78.07307082,9,749.000,,12.050,49,12,17,,
T,2019-03-15 03:28:01,30.36821014,78.07316756,9,750.000,,12.260,51,14,18,,
T,2019-03-15 03:28:02,30.36829598,78.07327164,9,750.000,,12.030,53,13,17,,
T,2019-03-15 03:28:03,30.36836273,78.07337567,8,750.000,,11.170,55,10,16,,
T,2019-03-15 03:28:04,30.36839883,78.07347026,8,751.000,,11.100,63,14,19,,
T,2019-03-15 03:28:05,30.36845103,78.07356811,8,752.000,,11.270,64,14,19,,
T,2019-03-15 03:28:06,30.36849132,78.07367867,9,753.000,,11.170,65,12,19,,
T,2019-03-15 03:28:07,30.36853370,78.07378411,12,753.000,,11.170,65,12,19,,
T,2019-03-15 03:28:08,30.36858236,78.07389308,9,753.000,,11.080,66,11,18,,
T,2019-03-15 03:28:09,30.36862337,78.07399588,9,753.000,,10.990,65,15,18,,
T,2019-03-15 03:28:10,30.36867145,78.07410663,11,755.000,,10.680,58,11,15,,
T,2019-03-15 03:28:11,30.36872271,78.07420067,12,755.000,,10.670,58,11,15,,
T,2019-03-15 03:28:12,30.36882462,78.07428962,11,757.000,,10.800,45,12,17,,
T,2019-03-15 03:28:13,30.36888987,78.07437246,9,758.000,,11.390,46,10,16,,
T,2019-03-15 03:28:14,30.36896087,78.07445817,12,759.000,,11.390,46,10,16,,
T,2019-03-15 03:28:15,30.36905048,78.07454733,9,758.000,,11.680,42,13,19,,
T,2019-03-15 03:28:16,30.36914839,78.07463837,9,758.000,,12.210,41,14,19,,
T,2019-03-15 03:28:17,30.36920986,78.07470546,9,756.000,,12.150,42,13,17,,
T,2019-03-15 03:28:18,30.36929132,78.07478995,11,755.000,,12.140,42,13,17,,
T,2019-03-15 03:28:19,30.36941575,78.07490271,9,757.000,,12.630,43,12,16,,
T,2019-03-15 03:28:20,30.36949967,78.07497891,11,758.000,,11.970,42,13,18,,
T,2019-03-15 03:28:21,30.36958520,78.07506244,11,758.000,,11.840,43,13,18,,
T,2019-03-15 03:28:22,30.36964394,78.07513584,9,759.000,,10.530,46,13,18,,
T,2019-03-15 03:28:23,30.36972193,78.07521929,9,760.000,,11.310,45,12,17,,
T,2019-03-15 03:28:24,30.36978169,78.07533051,11,761.000,,11.680,46,13,19,,
T,2019-03-15 03:28:25,30.36986519,78.07543294,11,761.000,,12.020,47,9,15,,
T,2019-03-15 03:28:26,30.36993973,78.07552380,14,762.000,,12.020,47,9,15,,
T,2019-03-15 03:28:27,30.36999650,78.07561360,11,762.000,,11.210,51,14,18,,
T,2019-03-15 03:28:28,30.37005846,78.07570999,11,762.000,,11.260,52,13,18,,
T,2019-03-15 03:28:29,30.37012537,78.07578864,9,761.000,,10.830,46,14,33,,
T,2019-03-15 03:28:30,30.37019484,78.07587335,9,762.000,,11.050,47,15,33,,
T,2019-03-15 03:28:31,30.37024003,78.07595387,12,762.000,,10.730,50,16,33,,
T,2019-03-15 03:28:32,30.37030765,78.07604739,12,763.000,,10.860,54,16,33,,
T,2019-03-15 03:28:33,30.37038433,78.07613445,11,764.000,,10.570,48,21,33,,
T,2019-03-15 03:28:34,30.37045842,78.07620306,8,765.000,,10.540,46,24,33,,
T,2019-03-15 03:28:35,30.37052428,78.07628091,8,766.000,,10.350,47,24,33,,
T,2019-03-15 03:28:36,30.37059646,78.07637231,6,767.000,,9.640,49,24,33,,
T,2019-03-15 03:28:37,30.37066201,78.07644915,8,766.000,,9.610,46,25,33,,
T,2019-03-15 03:28:38,30.37072706,78.07651240,6,768.000,,9.510,44,26,33,,
T,2019-03-15 03:28:39,30.37078113,78.07658536,6,768.000,,10.190,50,27,33,,
T,2019-03-15 03:28:40,30.37085632,78.07665474,6,770.000,,9.180,40,28,33,,
T,2019-03-15 03:28:41,30.37093273,78.07671335,6,771.000,,9.520,34,28,33,,
T,2019-03-15 03:28:42,30.37100499,78.07678794,6,771.000,,10.090,42,29,33,,
T,2019-03-15 03:28:43,30.37105551,78.07685593,6,772.000,,9.870,45,29,33,,
T,2019-03-15 03:28:44,30.37112631,78.07691885,6,772.000,,9.770,42,16,19,,
T,2019-03-15 03:28:45,30.37118687,78.07698081,6,772.000,,9.070,42,14,17,,
T,2019-03-15 03:28:46,30.37124580,78.07704979,6,772.000,,8.680,45,11,16,,
T,2019-03-15 03:28:47,30.37130165,78.07711307,8,772.000,,8.670,45,11,16,,
T,2019-03-15 03:28:48,30.37136524,78.07715494,6,773.000,,8.710,37,14,17,,
T,2019-03-15 03:28:49,30.37142226,78.07720516,6,773.000,,7.760,38,11,16,,
T,2019-03-15 03:28:50,30.37148135,78.07725020,8,773.000,,7.510,29,11,18,,
T,2019-03-15 03:28:51,30.37152284,78.07728002,6,773.000,,6.720,24,13,18,,
T,2019-03-15 03:28:52,30.37157822,78.07730847,8,773.000,,6.720,24,13,18,,
T,2019-03-15 03:28:53,30.37160698,78.07730564,6,772.000,,4.820,12,16,19,,
T,2019-03-15 03:28:54,30.37165818,78.07731828,6,772.000,,6.150,13,14,17,,
T,2019-03-15 03:28:55,30.37172367,78.07733615,8,772.000,,7.210,6,14,17,,
T,2019-03-15 03:28:56,30.37179020,78.07735049,8,773.000,,6.870,7,11,15,,
T,2019-03-15 03:28:57,30.37185176,78.07735926,9,773.000,,6.870,7,11,15,,
T,2019-03-15 03:28:58,30.37195854,78.07737579,8,775.000,,9.570,6,10,15,,
T,2019-03-15 03:28:59,30.37205715,78.07737552,8,777.000,,9.170,4,10,15,,
T,2019-03-15 03:29:00,30.37213800,78.07738558,8,775.000,,8.150,3,13,18,,
T,2019-03-15 03:29:01,30.37220160,78.07738519,9,776.000,,8.610,7,14,18,,
T,2019-03-15 03:29:02,30.37230200,78.07739850,9,776.000,,10.570,8,10,14,,
T,2019-03-15 03:29:03,30.37240168,78.07741480,9,775.000,,10.120,6,10,16,,
T,2019-03-15 03:29:04,30.37250227,78.07741701,11,776.000,,10.120,6,11,17,,
T,2019-03-15 03:29:05,30.37259298,78.07742871,15,776.000,,10.120,6,11,17,,
T,2019-03-15 03:29:06,30.37270160,78.07747619,12,776.000,,9.960,21,11,17,,
T,2019-03-15 03:29:07,30.37281136,78.07751094,12,776.000,,10.090,20,8,16,,
T,2019-03-15 03:29:08,30.37289670,78.07754738,15,776.000,,10.090,20,8,16,,
T,2019-03-15 03:29:09,30.37296173,78.07760860,12,776.000,,10.880,22,10,17,,
T,2019-03-15 03:29:10,30.37306447,78.07765411,11,775.000,,11.660,21,10,17,,
T,2019-03-15 03:29:11,30.37313737,78.07767998,11,774.000,,10.170,18,12,17,,
T,2019-03-15 03:29:12,30.37323082,78.07771419,11,775.000,,10.460,19,11,16,,
T,2019-03-15 03:29:13,30.37333604,78.07776659,9,775.000,,11.220,22,10,17,,
T,2019-03-15 03:29:14,30.37342140,78.07782069,11,774.000,,11.250,19,10,17,,
T,2019-03-15 03:29:15,30.37351765,78.07785784,12,774.000,,11.250,19,10,17,,
T,2019-03-15 03:29:16,30.37362078,78.07788667,8,773.000,,10.970,14,14,17,,
T,2019-03-15 03:29:17,30.37371886,78.07789965,8,773.000,,11.570,7,10,14,,
T,2019-03-15 03:29:18,30.37382255,78.07791340,8,772.000,,11.560,7,10,14,,
T,2019-03-15 03:29:19,30.37394217,78.07788802,8,773.000,,10.900,351,12,16,,
T,2019-03-15 03:29:20,30.37403937,78.07787051,9,773.000,,10.900,351,12,16,,
T,2019-03-15 03:29:21,30.37412581,78.07780691,8,774.000,,11.170,325,12,16,,
T,2019-03-15 03:29:22,30.37418829,78.07773700,8,773.000,,10.790,309,14,17,,
T,2019-03-15 03:29:23,30.37424818,78.07764548,9,773.000,,10.830,296,13,16,,
T,2019-03-15 03:29:24,30.37426925,78.07754477,9,773.000,,10.500,283,11,14,,
T,2019-03-15 03:29:25,30.37427118,78.07743649,9,774.000,,10.360,268,11,14,,
T,2019-03-15 03:29:26,30.37425454,78.07734524,9,773.000,,9.440,256,9,14,,
T,2019-03-15 03:29:27,30.37421804,78.07723856,9,773.000,,10.670,249,11,18,,
T,2019-03-15 03:29:28,30.37418082,78.07713754,9,774.000,,10.990,247,12,17,,
T,2019-03-15 03:29:29,30.37414161,78.07703581,11,773.000,,10.910,245,11,17,,
T,2019-03-15 03:29:30,30.37409774,78.07693356,12,772.000,,10.520,244,11,17,,
T,2019-03-15 03:29:31,30.37405523,78.07684872,12,772.000,,10.600,241,13,17,,
T,2019-03-15 03:29:32,30.37399384,78.07675026,12,772.000,,9.910,240,13,17,,
T,2019-03-15 03:29:33,30.37392855,78.07665306,14,772.000,,9.550,238,14,18,,
T,2019-03-15 03:29:34,30.37388246,78.07656908,18,772.000,,9.550,238,14,18,,
T,2019-03-15 03:29:35,30.37385642,78.07645687,23,771.000,,9.660,244,9,12,,
T,2019-03-15 03:29:36,30.37392024,78.07639790,14,771.000,,6.890,273,15,33,,
T,2019-03-15 03:29:37,30.37393965,78.07631192,14,770.000,,7.850,276,15,33,,
T,2019-03-15 03:29:38,30.37395639,78.07623312,12,771.000,,7.790,280,15,33,,
T,2019-03-15 03:29:39,30.37397876,78.07614956,9,772.000,,8.090,287,19,33,,
T,2019-03-15 03:29:40,30.37400429,78.07607586,8,772.000,,7.750,290,24,33,,
T,2019-03-15 03:29:41,30.37402763,78.07600966,8,773.000,,7.560,296,25,33,,
T,2019-03-15 03:29:42,30.37406127,78.07595054,6,772.000,,7.130,308,25,33,,
T,2019-03-15 03:29:43,30.37410579,78.07589260,6,771.000,,6.150,315,26,34,,
T,2019-03-15 03:29:44,30.37415682,78.07586266,6,772.000,,5.630,329,26,34,,
T,2019-03-15 03:29:45,30.37420934,78.07586462,6,772.000,,5.680,352,27,34,,
T,2019-03-15 03:29:46,30.37428032,78.07586528,6,773.000,,6.360,0,28,34,,
T,2019-03-15 03:29:47,30.37434734,78.07587715,6,774.000,,6.650,9,28,34,,
T,2019-03-15 03:29:48,30.37443169,78.07590557,6,774.000,,7.460,13,28,34,,
T,2019-03-15 03:29:49,30.37450304,78.07593168,6,774.000,,8.070,15,12,17,,
T,2019-03-15 03:29:50,30.37457341,78.07595336,6,774.000,,8.070,15,12,17,,
T,2019-03-15 03:29:51,30.37464718,78.07597659,6,774.000,,8.560,13,11,18,,
T,2019-03-15 03:29:52,30.37472633,78.07599964,6,775.000,,9.150,15,11,17,,
T,2019-03-15 03:29:53,30.37479561,78.07600485,6,775.000,,7.780,9,14,19,,
T,2019-03-15 03:29:54,30.37487778,78.07601829,6,775.000,,8.610,12,14,19,,
T,2019-03-15 03:29:55,30.37495430,78.07602902,6,776.000,,8.480,7,12,17,,
T,2019-03-15 03:29:56,30.37503021,78.07603987,8,777.000,,8.480,7,12,17,,
T,2019-03-15 03:29:57,30.37511860,78.07604304,8,778.000,,8.800,6,15,19,,
T,2019-03-15 03:29:58,30.37520387,78.07606000,8,778.000,,8.820,11,15,19,,
T,2019-03-15 03:29:59,30.37527611,78.07606125,8,777.000,,9.650,5,12,16,,
T,2019-03-15 03:30:00,30.37536451,78.07607425,8,779.000,,10.000,8,12,16,,
T,2019-03-15 03:30:01,30.37546145,78.07610108,9,779.000,,9.710,10,15,19,,
T,2019-03-15 03:30:02,30.37556809,78.07610574,9,781.000,,10.620,8,16,18,,
T,2019-03-15 03:30:03,30.37566083,78.07612388,9,779.000,,10.140,9,16,18,,
T,2019-03-15 03:30:04,30.37576164,78.07611734,9,781.000,,10.110,7,10,14,,
T,2019-03-15 03:30:05,30.37585032,78.07612338,8,782.000,,11.210,11,13,18,,
T,2019-03-15 03:30:06,30.37594919,78.07614032,9,781.000,,10.830,12,10,14,,
T,2019-03-15 03:30:07,30.37603947,78.07616191,9,782.000,,10.590,12,12,18,,
T,2019-03-15 03:30:08,30.37613280,78.07618542,14,781.000,,10.590,12,12,18,,
T,2019-03-15 03:30:09,30.37622799,78.07624491,9,782.000,,10.760,22,12,17,,
T,2019-03-15 03:30:10,30.37631292,78.07629171,9,783.000,,11.060,25,11,16,,
T,2019-03-15 03:30:11,30.37640340,78.07634029,9,781.000,,11.060,25,11,16,,
T,2019-03-15 03:30:12,30.37651296,78.07639270,8,782.000,,11.450,24,13,18,,
T,2019-03-15 03:30:13,30.37661362,78.07644663,8,785.000,,11.270,19,13,18,,
T,2019-03-15 03:30:14,30.37672563,78.07649363,8,786.000,,11.030,16,11,15,,
T,2019-03-15 03:30:15,30.37682418,78.07652517,8,786.000,,10.790,11,10,17,,
T,2019-03-15 03:30:16,30.37691639,78.07654013,8,787.000,,10.420,9,10,16,,
T,2019-03-15 03:30:17,30.37701065,78.07654078,8,787.000,,10.400,3,12,17,,
T,2019-03-15 03:30:18,30.37710714,78.07654991,8,787.000,,10.540,360,12,16,,
T,2019-03-15 03:30:19,30.37719199,78.07654365,8,788.000,,10.460,357,10,16,,
T,2019-03-15 03:30:20,30.37729533,78.07654091,8,787.000,,10.860,359,10,16,,
T,2019-03-15 03:30:21,30.37740275,78.07655242,9,786.000,,10.760,358,12,17,,
T,2019-03-15 03:30:22,30.37750485,78.07654133,9,786.000,,10.760,355,12,16,,
T,2019-03-15 03:30:23,30.37760154,78.07653067,12,786.000,,10.760,355,12,16,,
T,2019-03-15 03:30:24,30.37771151,78.07653302,9,785.000,,11.230,356,12,18,,
T,2019-03-15 03:30:25,30.37780966,78.07653849,8,785.000,,11.130,359,12,17,,
T,2019-03-15 03:30:26,30.37791509,78.07653749,8,784.000,,11.330,1,12,17,,
T,2019-03-15 03:30:27,30.37801869,78.07653514,8,783.000,,11.700,1,10,16,,
T,2019-03-15 03:30:28,30.37813160,78.07652562,6,782.000,,12.050,1,12,17,,
T,2019-03-15 03:30:29,30.37824671,78.07653312,6,782.000,,11.880,360,12,17,,
T,2019-03-15 03:30:30,30.37835385,78.07653294,8,782.000,,11.870,360,12,17,,
T,2019-03-15 03:30:31,30.37843279,78.07651643,6,779.000,,11.280,356,14,17,,
T,2019-03-15 03:30:32,30.37854703,78.07650436,6,779.000,,12.300,355,11,15,,
T,2019-03-15 03:30:33,30.37865074,78.07647935,6,780.000,,12.700,352,15,18,,
T,2019-03-15 03:30:34,30.37876735,78.07644898,8,778.000,,12.580,351,14,17,,
T,2019-03-15 03:30:35,30.37887187,78.07641330,8,776.000,,12.320,348,10,14,,
T,2019-03-15 03:30:36,30.37898054,78.07638602,11,776.000,,12.320,348,10,14,,
T,2019-03-15 03:30:37,30.37910609,78.07633366,8,776.000,,13.170,340,11,16,,
T,2019-03-15 03:30:38,30.37923320,78.07627177,8,776.000,,13.660,338,15,18,,
T,2019-03-15 03:30:39,30.37933439,78.07621760,9,776.000,,13.400,336,13,16,,
T,2019-03-15 03:30:40,30.37944207,78.07615918,9,777.000,,13.650,334,11,16,,
T,2019-03-15 03:30:41,30.37955791,78.07609036,11,776.000,,13.100,334,11,16,,
T,2019-03-15 03:30:42,30.37967351,78.07602215,9,775.000,,12.800,332,12,15,,
T,2019-03-15 03:30:43,30.37976561,78.07595296,9,775.000,,12.670,332,10,15,,
T,2019-03-15 03:30:44,30.37986316,78.07588981,8,775.000,,12.360,328,11,17,,
T,2019-03-15 03:30:45,30.37997438,78.07582846,8,775.000,,12.850,330,12,17,,
T,2019-03-15 03:30:46,30.38007442,78.07576149,9,776.000,,12.830,330,12,17,,
T,2019-03-15 03:30:47,30.38018949,78.07569130,8,777.000,,11.800,329,11,15,,
T,2019-03-15 03:30:48,30.38026590,78.07562913,8,777.000,,11.840,330,11,15,,
T,2019-03-15 03:30:49,30.38034478,78.07556098,9,777.000,,11.620,329,10,16,,
T,2019-03-15 03:30:50,30.38042245,78.07549992,9,777.000,,11.580,329,12,17,,
T,2019-03-15 03:30:51,30.38051206,78.07543784,11,777.000,,11.580,329,12,17,,
T,2019-03-15 03:30:52,30.38060866,78.07537415,11,778.000,,11.470,326,12,17,,
T,2019-03-15 03:30:53,30.38070190,78.07530154,11,779.000,,11.530,326,14,18,,
T,2019-03-15 03:30:54,30.38077993,78.07524007,9,779.000,,11.340,325,13,17,,
T,2019-03-15 03:30:55,30.38086351,78.07517190,11,779.000,,11.340,325,13,17,,
T,2019-03-15 03:30:56,30.38094696,78.07513254,9,779.000,,11.670,335,13,16,,
T,2019-03-15 03:30:57,30.38105838,78.07507794,8,778.000,,11.510,338,13,17,,
T,2019-03-15 03:30:58,30.38115460,78.07503299,11,779.000,,11.500,338,13,17,,
T,2019-03-15 03:30:59,30.38122990,78.07500368,9,779.000,,11.400,345,15,18,,
T,2019-03-15 03:31:00,30.38133081,78.07496535,9,779.000,,11.740,343,11,14,,
T,2019-03-15 03:31:01,30.38143870,78.07492650,9,779.000,,11.990,345,13,18,,
T,2019-03-15 03:31:02,30.38155853,78.07489512,8,779.000,,12.600,346,14,17,,
T,2019-03-15 03:31:03,30.38166901,78.07486593,8,779.000,,12.690,342,12,16,,
T,2019-03-15 03:31:04,30.38178463,78.07483731,8,778.000,,12.910,345,12,16,,
T,2019-03-15 03:31:05,30.38189719,78.07480296,9,778.000,,12.910,345,11,16,,
T,2019-03-15 03:31:06,30.38199382,78.07476354,8,779.000,,12.680,345,14,18,,
T,2019-03-15 03:31:07,30.38210422,78.07472881,11,779.000,,12.680,345,14,18,,
T,2019-03-15 03:31:08,30.38222452,78.07468091,8,780.000,,12.100,345,12,16,,
T,2019-03-15 03:31:09,30.38233496,78.07464540,8,781.000,,12.650,345,15,17,,
T,2019-03-15 03:31:10,30.38245346,78.07460593,6,782.000,,12.180,345,15,17,,
T,2019-03-15 03:31:11,30.38256466,78.07457734,6,783.000,,12.460,350,11,14,,
T,2019-03-15 03:31:12,30.38267973,78.07455533,6,783.000,,12.420,353,13,18,,
T,2019-03-15 03:31:13,30.38279394,78.07456063,6,783.000,,12.570,357,13,17,,
T,2019-03-15 03:31:14,30.38289723,78.07455008,6,782.000,,11.970,357,9,14,,
T,2019-03-15 03:31:15,30.38300474,78.07454390,9,782.000,,11.940,357,9,14,,
T,2019-03-15 03:31:16,30.38311619,78.07455461,6,783.000,,11.590,2,13,16,,
T,2019-03-15 03:31:17,30.38319449,78.07455858,8,783.000,,11.480,357,11,15,,
T,2019-03-15 03:31:18,30.38330280,78.07456012,6,782.000,,11.370,357,13,18,,
T,2019-03-15 03:31:19,30.38340784,78.07455828,6,782.000,,11.570,358,12,16,,
T,2019-03-15 03:31:20,30.38351211,78.07455403,8,782.000,,11.560,358,12,16,,
T,2019-03-15 03:31:21,30.38360290,78.07453360,8,782.000,,10.670,356,15,18,,
T,2019-03-15 03:31:22,30.38370571,78.07452865,8,782.000,,11.120,357,14,17,,
T,2019-03-15 03:31:23,30.38381491,78.07451722,8,783.000,,10.790,355,14,17,,
T,2019-03-15 03:31:24,30.38391191,78.07450718,9,784.000,,10.790,355,11,15,,
T,2019-03-15 03:31:25,30.38404099,78.07452625,6,785.000,,10.810,355,13,17,,
T,2019-03-15 03:31:26,30.38413596,78.07450197,6,787.000,,10.270,350,13,16,,
T,2019-03-15 03:31:27,30.38422690,78.07449080,8,786.000,,10.100,351,12,16,,
T,2019-03-15 03:31:28,30.38431689,78.07447477,9,787.000,,10.090,351,12,16,,
T,2019-03-15 03:31:29,30.38443252,78.07445242,8,785.000,,10.810,351,14,16,,
T,2019-03-15 03:31:30,30.38455339,78.07443638,8,787.000,,11.100,352,14,17,,
T,2019-03-15 03:31:31,30.38465244,78.07442132,9,789.000,,11.090,352,14,17,,
T,2019-03-15 03:31:32,30.38471416,78.07440544,8,789.000,,9.390,351,13,16,,
T,2019-03-15 03:31:33,30.38478580,78.07438900,9,789.000,,10.420,349,14,17,,
T,2019-03-15 03:31:34,30.38489098,78.07437132,9,790.000,,10.700,347,11,15,,
T,2019-03-15 03:31:35,30.38498508,78.07434650,11,790.000,,10.700,347,11,15,,
T,2019-03-15 03:31:36,30.38506648,78.07433097,9,787.000,,10.310,354,11,15,,
T,2019-03-15 03:31:37,30.38515502,78.07430830,11,788.000,,10.600,350,14,17,,
T,2019-03-15 03:31:38,30.38524918,78.07428890,12,789.000,,10.600,350,14,17,,
T,2019-03-15 03:31:39,30.38533101,78.07426177,11,791.000,,10.840,349,12,14,,
T,2019-03-15 03:31:40,30.38543256,78.07423619,11,793.000,,10.840,349,12,14,,
T,2019-03-15 03:31:41,30.38553765,78.07421052,12,793.000,,11.220,349,12,16,,
T,2019-03-15 03:31:42,30.38565575,78.07419114,12,794.000,,11.880,352,13,16,,
T,2019-03-15 03:31:43,30.38578095,78.07417850,11,792.000,,11.460,351,16,18,,
T,2019-03-15 03:31:44,30.38588508,78.07412503,11,793.000,,10.520,353,14,16,,
T,2019-03-15 03:31:45,30.38598815,78.07410520,11,793.000,,9.760,349,13,16,,
T,2019-03-15 03:31:46,30.38606116,78.07407444,11,792.000,,9.680,350,14,17,,
T,2019-03-15 03:31:47,30.38615531,78.07406451,11,793.000,,8.680,354,10,14,,
T,2019-03-15 03:31:48,30.38625068,78.07405446,9,794.000,,9.940,354,10,14,,
T,2019-03-15 03:31:49,30.38632431,78.07404250,9,796.000,,9.980,355,11,15,,
T,2019-03-15 03:31:50,30.38641822,78.07404009,9,797.000,,10.620,355,14,18,,
T,2019-03-15 03:31:51,30.38651451,78.07403088,9,797.000,,10.630,356,15,18,,
T,2019-03-15 03:31:52,30.38660901,78.07402590,8,799.000,,10.630,359,13,16,,
T,2019-03-15 03:31:53,30.38671304,78.07401226,8,801.000,,10.260,1,14,18,,
T,2019-03-15 03:31:54,30.38681032,78.07401448,8,802.000,,9.780,4,13,16,,
T,2019-03-15 03:31:55,30.38689827,78.07402134,11,803.000,,9.770,4,13,16,,
T,2019-03-15 03:31:56,30.38700171,78.07403420,9,803.000,,10.300,1,13,18,,
T,2019-03-15 03:31:57,30.38708158,78.07403822,9,804.000,,9.350,4,13,18,,
T,2019-03-15 03:31:58,30.38716807,78.07404527,9,802.000,,8.530,1,11,15,,
T,2019-03-15 03:31:59,30.38724341,78.07405068,11,802.000,,7.950,7,10,15,,
T,2019-03-15 03:32:00,30.38727882,78.07405013,11,801.000,,5.130,6,13,17,,
T,2019-03-15 03:32:01,30.38732482,78.07405065,11,802.000,,4.220,8,10,15,,
T,2019-03-15 03:32:02,30.38736255,78.07405675,12,802.000,,4.220,8,10,15,,
T,2019-03-15 03:32:03,30.38742644,78.07406013,9,804.000,,5.590,4,15,17,,
T,2019-03-15 03:32:04,30.38748969,78.07405012,9,804.000,,5.680,5,13,15,,
T,2019-03-15 03:32:05,30.38754081,78.07405541,12,803.000,,5.680,5,13,15,,
T,2019-03-15 03:32:06,30.38760898,78.07405783,9,803.000,,7.070,4,14,17,,
T,2019-03-15 03:32:07,30.38765144,78.07405923,9,802.000,,6.670,8,16,18,,
T,2019-03-15 03:32:08,30.38772559,78.07406661,9,803.000,,7.950,5,16,18,,
T,2019-03-15 03:32:09,30.38781794,78.07408253,9,803.000,,8.810,3,13,16,,
T,2019-03-15 03:32:10,30.38788465,78.07408489,9,803.000,,9.400,3,13,17,,
T,2019-03-15 03:32:11,30.38795162,78.07409575,8,802.000,,9.670,5,13,17,,
T,2019-03-15 03:32:12,30.38803855,78.07410387,9,802.000,,9.670,5,13,17,,
T,2019-03-15 03:32:13,30.38811548,78.07410015,8,803.000,,9.800,3,12,16,,
T,2019-03-15 03:32:14,30.38820702,78.07409986,8,803.000,,10.150,3,11,17,,
T,2019-03-15 03:32:15,30.38829849,78.07410574,9,804.000,,10.150,3,11,17,,
T,2019-03-15 03:32:16,30.38840002,78.07412317,8,805.000,,9.730,3,11,16,,
T,2019-03-15 03:32:17,30.38848160,78.07412166,9,806.000,,8.990,1,11,16,,
T,2019-03-15 03:32:18,30.38856269,78.07412315,11,806.000,,8.990,1,11,16,,
T,2019-03-15 03:32:19,30.38864614,78.07414819,11,807.000,,8.850,2,14,18,,
T,2019-03-15 03:32:20,30.38876461,78.07417142,11,807.000,,10.200,6,10,14,,
T,2019-03-15 03:32:21,30.38885367,78.07419528,9,805.000,,9.650,12,10,14,,
T,2019-03-15 03:32:22,30.38893889,78.07421604,11,805.000,,9.650,12,12,16,,
T,2019-03-15 03:32:23,30.38900180,78.07426609,9,805.000,,8.840,26,12,16,,
T,2019-03-15 03:32:24,30.38907324,78.07430681,11,808.000,,8.840,26,8,14,,
T,2019-03-15 03:32:25,30.38915405,78.07438856,8,809.000,,9.510,37,8,14,,
T,2019-03-15 03:32:26,30.38922277,78.07445168,8,810.000,,9.300,38,6,14,,
T,2019-03-15 03:32:27,30.38928513,78.07451415,11,810.000,,9.280,38,,32,,
T,2019-03-15 03:32:28,30.38932968,78.07455034,11,810.000,,7.720,37,8,32,,
T,2019-03-15 03:32:29,30.38939864,78.07460889,11,810.000,,7.940,37,8,32,,
T,2019-03-15 03:32:30,30.38946818,78.07464390,12,811.000,,7.680,31,13,32,,
T,2019-03-15 03:32:31,30.38953126,78.07462647,9,811.000,,6.070,5,19,32,,
T,2019-03-15 03:32:32,30.38962684,78.07460179,8,812.000,,9.330,345,20,32,,
T,2019-03-15 03:32:33,30.38969801,78.07453675,6,813.000,,9.260,327,20,32,,
T,2019-03-15 03:32:34,30.38978195,78.07446419,6,813.000,,9.800,319,20,32,,
T,2019-03-15 03:32:35,30.38985265,78.07438898,6,814.000,,9.580,312,23,32,,
T,2019-03-15 03:32:36,30.38991815,78.07431748,6,814.000,,9.420,310,23,32,,
T,2019-03-15 03:32:37,30.38998023,78.07423523,5,814.000,,9.310,305,26,32,,
T,2019-03-15 03:32:38,30.39002832,78.07415035,5,814.000,,9.210,304,26,32,,
T,2019-03-15 03:32:39,30.39005751,78.07405622,5,814.000,,9.450,299,14,17,,
T,2019-03-15 03:32:40,30.39007851,78.07397976,5,814.000,,8.380,288,13,18,,
T,2019-03-15 03:32:41,30.39009890,78.07389078,5,814.000,,8.790,278,12,16,,
T,2019-03-15 03:32:42,30.39010773,78.07379890,5,814.000,,8.660,273,11,16,,
T,2019-03-15 03:32:43,30.39012035,78.07370320,5,814.000,,8.690,275,13,17,,
T,2019-03-15 03:32:44,30.39011927,78.07361347,5,815.000,,8.640,275,13,16,,
T,2019-03-15 03:32:45,30.39012590,78.07352612,5,815.000,,8.750,274,14,17,,
T,2019-03-15 03:32:46,30.39013595,78.07343625,5,814.000,,8.880,276,12,16,,
T,2019-03-15 03:32:47,30.39014596,78.07333973,5,814.000,,9.180,272,13,17,,
T,2019-03-15 03:32:48,30.39014432,78.07324441,6,814.000,,9.510,272,13,17,,
T,2019-03-15 03:32:49,30.39015337,78.07314279,8,814.000,,9.590,274,14,17,,
T,2019-03-15 03:32:50,30.39015925,78.07305837,6,815.000,,8.820,280,12,15,,
T,2019-03-15 03:32:51,30.39016749,78.07295401,8,815.000,,9.340,281,12,15,,
T,2019-03-15 03:32:52,30.39019379,78.07285555,8,815.000,,9.360,289,12,16,,
T,2019-03-15 03:32:53,30.39021806,78.07276878,8,815.000,,8.680,298,12,16,,
T,2019-03-15 03:32:54,30.39027521,78.07270063,8,815.000,,9.310,305,12,18,,
T,2019-03-15 03:32:55,30.39033068,78.07262576,8,814.000,,9.500,314,14,17,,
T,2019-03-15 03:32:56,30.39038973,78.07255418,9,815.000,,9.490,314,14,17,,
T,2019-03-15 03:32:57,30.39048126,78.07252199,6,815.000,,9.250,336,15,17,,
T,2019-03-15 03:32:58,30.39055563,78.07248055,8,816.000,,9.290,338,13,16,,
T,2019-03-15 03:32:59,30.39063789,78.07246185,8,816.000,,9.820,352,13,16,,
T,2019-03-15 03:33:00,30.39072871,78.07244692,8,816.000,,9.940,356,13,17,,
T,2019-03-15 03:33:01,30.39082407,78.07245828,8,816.000,,10.310,359,13,17,,
T,2019-03-15 03:33:02,30.39092703,78.07245474,6,817.000,,10.350,1,13,16,,
T,2019-03-15 03:33:03,30.39102045,78.07245705,8,817.000,,10.350,1,13,16,,
T,2019-03-15 03:33:04,30.39112696,78.07246705,8,817.000,,10.400,2,14,16,,
T,2019-03-15 03:33:05,30.39120656,78.07246962,8,817.000,,10.250,4,14,16,,
T,2019-03-15 03:33:06,30.39129885,78.07247679,9,817.000,,10.250,4,14,16,,
T,2019-03-15 03:33:07,30.39137291,78.07248014,8,816.000,,9.800,5,14,16,,
T,2019-03-15 03:33:08,30.39147988,78.07248663,8,817.000,,10.190,8,14,17,,
T,2019-03-15 03:33:09,30.39157101,78.07250106,11,817.000,,10.190,8,14,17,,
T,2019-03-15 03:33:10,30.39168196,78.07253630,8,818.000,,10.530,14,13,16,,
T,2019-03-15 03:33:11,30.39178040,78.07255660,8,819.000,,9.840,9,15,18,,
T,2019-03-15 03:33:12,30.39187008,78.07258178,8,819.000,,11.140,12,13,16,,
T,2019-03-15 03:33:13,30.39197740,78.07261002,9,820.000,,11.560,14,12,17,,
T,2019-03-15 03:33:14,30.39208497,78.07265189,8,820.000,,11.600,14,11,17,,
T,2019-03-15 03:33:15,30.39219093,78.07268720,8,821.000,,11.790,15,12,16,,
T,2019-03-15 03:33:16,30.39229385,78.07271840,9,821.000,,11.790,15,12,16,,
T,2019-03-15 03:33:17,30.39239533,78.07275353,8,822.000,,11.660,15,11,13,,
T,2019-03-15 03:33:18,30.39249837,78.07277326,8,824.000,,11.480,13,10,15,,
T,2019-03-15 03:33:19,30.39259943,78.07279950,9,824.000,,11.480,13,10,15,,
T,2019-03-15 03:33:20,30.39270325,78.07284669,6,824.000,,11.880,21,10,17,,
T,2019-03-15 03:33:21,30.39281305,78.07289778,8,824.000,,11.920,18,14,17,,
T,2019-03-15 03:33:22,30.39291917,78.07293573,8,824.000,,12.080,16,13,15,,
T,2019-03-15 03:33:23,30.39301278,78.07295113,6,824.000,,10.950,10,13,15,,
T,2019-03-15 03:33:24,30.39310972,78.07297135,9,825.000,,10.930,10,13,16,,
T,2019-03-15 03:33:25,30.39323007,78.07300168,6,826.000,,12.240,10,10,15,,
T,2019-03-15 03:33:26,30.39333886,78.07302355,9,826.000,,12.240,10,10,15,,
T,2019-03-15 03:33:27,30.39342842,78.07304761,8,827.000,,11.810,6,12,15,,
T,2019-03-15 03:33:28,30.39353931,78.07305949,8,827.000,,12.010,8,12,16,,
T,2019-03-15 03:33:29,30.39364663,78.07307812,9,827.000,,12.020,8,12,16,,
T,2019-03-15 03:33:30,30.39374395,78.07305697,9,830.000,,11.180,6,12,17,,
T,2019-03-15 03:33:31,30.39381983,78.07305082,9,831.000,,10.410,2,10,16,,
T,2019-03-15 03:33:32,30.39391372,78.07305459,12,831.000,,10.410,2,10,16,,
T,2019-03-15 03:33:33,30.39402553,78.07309098,9,830.000,,10.330,9,9,15,,
T,2019-03-15 03:33:34,30.39412079,78.07313636,9,830.000,,10.600,29,12,18,,
T,2019-03-15 03:33:35,30.39420489,78.07318938,11,829.000,,10.610,29,12,18,,
T,2019-03-15 03:33:36,30.39423218,78.07331738,9,830.000,,10.320,57,9,14,,
T,2019-03-15 03:33:37,30.39428356,78.07340705,11,829.000,,10.320,57,9,14,,
T,2019-03-15 03:33:38,30.39433565,78.07351867,9,829.000,,10.820,63,11,16,,
T,2019-03-15 03:33:39,30.39438659,78.07362723,9,829.000,,11.160,65,12,18,,
T,2019-03-15 03:33:40,30.39443812,78.07373162,9,829.000,,10.900,61,12,17,,
T,2019-03-15 03:33:41,30.39449136,78.07382274,9,830.000,,10.490,59,12,17,,
T,2019-03-15 03:33:42,30.39455734,78.07393241,9,830.000,,11.940,57,13,17,,
T,2019-03-15 03:33:43,30.39462078,78.07403820,11,831.000,,11.820,58,12,16,,
T,2019-03-15 03:33:44,30.39467695,78.07414893,11,830.000,,11.470,61,13,18,,
T,2019-03-15 03:33:45,30.39475045,78.07427523,9,830.000,,12.650,57,13,17,,
T,2019-03-15 03:33:46,30.39482356,78.07439164,9,831.000,,11.860,56,13,17,,
T,2019-03-15 03:33:47,30.39488420,78.07450717,11,832.000,,12.460,60,13,18,,
T,2019-03-15 03:33:48,30.39494089,78.07461898,11,832.000,,12.850,56,11,15,,
T,2019-03-15 03:33:49,30.39499535,78.07473550,11,833.000,,12.480,60,11,15,,
T,2019-03-15 03:33:50,30.39505362,78.07484421,12,833.000,,12.270,58,11,17,,
T,2019-03-15 03:33:51,30.39511720,78.07494912,12,833.000,,11.570,58,10,16,,
T,2019-03-15 03:33:52,30.39516401,78.07504015,12,831.000,,9.740,52,13,18,,
T,2019-03-15 03:33:53,30.39522200,78.07512422,14,818.000,,10.430,55,13,18,,
T,2019-03-15 03:33:54,30.39529170,78.07522061,14,820.000,,10.420,53,11,16,,
T,2019-03-15 03:33:55,30.39536775,78.07531796,14,821.000,,11.300,52,12,18,,
T,2019-03-15 03:33:56,30.39543112,78.07540975,14,823.000,,11.030,52,14,33,,
T,2019-03-15 03:33:57,30.39548605,78.07549315,14,826.000,,10.830,51,14,33,,
T,2019-03-15 03:33:58,30.39555442,78.07558091,14,827.000,,11.230,51,16,33,,
T,2019-03-15 03:33:59,30.39562322,78.07567223,14,830.000,,11.220,51,16,34,,
T,2019-03-15 03:34:00,30.39570994,78.07578523,12,832.000,,12.150,51,20,35,,
T,2019-03-15 03:34:01,30.39578391,78.07588424,9,832.000,,12.150,50,22,35,,
T,2019-03-15 03:34:02,30.39585234,78.07598451,8,833.000,,12.170,52,22,35,,
T,2019-03-15 03:34:03,30.39593533,78.07608652,6,835.000,,12.470,51,23,35,,
T,2019-03-15 03:34:04,30.39600673,78.07618806,6,836.000,,12.360,52,26,35,,
T,2019-03-15 03:34:05,30.39608863,78.07629061,6,836.000,,12.720,52,26,35,,
T,2019-03-15 03:34:06,30.39617346,78.07640148,6,838.000,,12.480,53,26,35,,
T,2019-03-15 03:34:07,30.39623426,78.07650786,6,838.000,,12.270,53,27,35,,
T,2019-03-15 03:34:08,30.39631642,78.07659420,6,839.000,,11.960,48,28,35,,
T,2019-03-15 03:34:09,30.39640972,78.07668496,8,832.000,,12.320,46,28,35,,
T,2019-03-15 03:34:10,30.39647468,78.07678352,6,834.000,,12.590,47,28,35,,
T,2019-03-15 03:34:11,30.39654626,78.07688126,8,836.000,,12.420,47,28,35,,
T,2019-03-15 03:34:12,30.39663454,78.07697739,6,838.000,,12.770,45,28,35,,
T,2019-03-15 03:34:13,30.39671200,78.07707008,6,840.000,,12.800,46,28,35,,
T,2019-03-15 03:34:14,30.39680007,78.07716299,6,840.000,,12.420,46,28,35,,
T,2019-03-15 03:34:15,30.39686273,78.07724551,6,842.000,,11.220,46,28,35,,
T,2019-03-15 03:34:16,30.39693671,78.07732661,6,844.000,,11.140,45,29,35,,
T,2019-03-15 03:34:17,30.39702830,78.07740569,8,846.000,,11.550,42,29,35,,
T,2019-03-15 03:34:18,30.39712276,78.07749516,6,848.000,,12.580,43,29,35,,
T,2019-03-15 03:34:19,30.39720861,78.07760569,8,850.000,,12.650,44,29,35,,
T,2019-03-15 03:34:20,30.39729137,78.07769649,9,845.000,,12.650,44,13,17,,
T,2019-03-15 03:34:21,30.39738589,78.07777828,8,845.000,,12.800,39,13,20,,
T,2019-03-15 03:34:22,30.39748427,78.07785698,8,847.000,,11.940,32,15,20,,
T,2019-03-15 03:34:23,30.39758542,78.07791524,8,844.000,,11.790,28,12,15,,
T,2019-03-15 03:34:24,30.39767914,78.07797342,9,846.000,,11.790,28,12,15,,
T,2019-03-15 03:34:25,30.39777421,78.07805032,8,848.000,,12.230,30,13,19,,
T,2019-03-15 03:34:26,30.39786943,78.07811457,9,848.000,,12.220,30,13,19,,
T,2019-03-15 03:34:27,30.39796034,78.07816957,8,851.000,,12.500,27,13,19,,
T,2019-03-15 03:34:28,30.39806658,78.07822569,8,846.000,,12.190,27,14,18,,
T,2019-03-15 03:34:29,30.39816666,78.07828565,8,846.000,,12.640,28,13,17,,
T,2019-03-15 03:34:30,30.39826636,78.07833901,8,846.000,,12.540,30,13,19,,
T,2019-03-15 03:34:31,30.39834950,78.07839540,8,847.000,,12.500,26,14,20,,
T,2019-03-15 03:34:32,30.39844666,78.07846026,9,849.000,,11.840,27,12,17,,
T,2019-03-15 03:34:33,30.39856368,78.07851462,9,847.000,,12.730,27,13,19,,
T,2019-03-15 03:34:34,30.39866610,78.07857433,11,849.000,,12.720,27,13,19,,
T,2019-03-15 03:34:35,30.39877513,78.07864170,9,849.000,,13.000,27,14,19,,
T,2019-03-15 03:34:36,30.39888511,78.07871726,9,850.000,,12.810,27,12,18,,
T,2019-03-15 03:34:37,30.39899337,78.07877741,9,853.000,,12.370,26,14,19,,
T,2019-03-15 03:34:38,30.39910318,78.07884084,9,851.000,,12.910,29,11,17,,
T,2019-03-15 03:34:39,30.39920500,78.07890603,9,853.000,,12.910,29,11,17,,
T,2019-03-15 03:34:40,30.39931133,78.07896141,8,852.000,,12.270,28,14,20,,
T,2019-03-15 03:34:41,30.39940517,78.07900903,8,854.000,,11.800,28,10,15,,
T,2019-03-15 03:34:42,30.39950336,78.07906186,8,858.000,,12.170,22,12,18,,
T,2019-03-15 03:34:43,30.39961120,78.07910804,8,862.000,,12.450,20,12,18,,
T,2019-03-15 03:34:44,30.39971847,78.07910781,8,865.000,,11.270,5,14,19,,
T,2019-03-15 03:34:45,30.39984430,78.07910479,8,866.000,,11.880,358,13,17,,
T,2019-03-15 03:34:46,30.39995256,78.07910048,9,855.000,,12.710,356,13,17,,
T,2019-03-15 03:34:47,30.40006694,78.07909125,12,857.000,,12.710,356,13,17,,
T,2019-03-15 03:34:48,30.40017830,78.07909050,8,862.000,,12.680,355,14,18,,
T,2019-03-15 03:34:49,30.40029268,78.07907944,11,855.000,,12.700,355,14,18,,
T,2019-03-15 03:34:50,30.40035103,78.07902448,12,853.000,,11.560,351,10,13,,
T,2019-03-15 03:34:51,30.40045406,78.07900474,14,852.000,,11.570,351,10,13,,
T,2019-03-15 03:34:52,30.40053725,78.07894379,11,854.000,,9.470,332,10,13,,
T,2019-03-15 03:34:53,30.40057784,78.07888650,12,853.000,,9.560,329,14,18,,
T,2019-03-15 03:34:54,30.40065671,78.07883872,11,857.000,,8.480,328,10,13,,
T,2019-03-15 03:34:55,30.40072675,78.07878503,11,861.000,,8.640,328,12,17,,
T,2019-03-15 03:34:56,30.40079308,78.07873792,14,851.000,,8.630,328,12,17,,
T,2019-03-15 03:34:57,30.40081061,78.07871220,11,869.000,,5.480,318,13,17,,
T,2019-03-15 03:34:58,30.40084713,78.07867351,14,872.000,,5.480,318,13,17,,
T,2019-03-15 03:34:59,30.40084012,78.07865710,11,874.000,,3.020,329,14,16,,
T,2019-03-15 03:35:00,30.40086358,78.07864110,14,874.000,,3.020,329,14,16,,
T,2019-03-15 03:35:01,30.40089649,78.07860173,9,874.000,,3.670,316,14,17,,
T,2019-03-15 03:35:02,30.40090807,78.07857118,9,875.000,,3.560,307,13,16,,
T,2019-03-15 03:35:03,30.40092717,78.07854142,12,875.000,,3.560,307,13,16,,
T,2019-03-15 03:35:04,30.40090216,78.07853625,11,878.000,,3.280,256,15,16,,
T,2019-03-15 03:35:05,30.40088337,78.07850173,9,878.000,,3.360,263,15,16,,
T,2019-03-15 03:35:06,30.40087953,78.07846704,12,878.000,,3.360,263,12,15,,
T,2019-03-15 03:35:07,30.40088029,78.07845452,11,879.000,,0.000,,4,33,,
T,2019-03-15 03:35:08,30.40088212,78.07843921,12,879.000,,2.000,262,16,34,,
T,2019-03-15 03:35:09,30.40090596,78.07833446,11,879.000,,5.360,276,17,34,,
T,2019-03-15 03:35:10,30.40094830,78.07822861,11,879.000,,5.280,277,18,34,,
T,2019-03-15 03:35:11,30.40097093,78.07815135,9,879.000,,5.860,277,27,34,,
T,2019-03-15 03:35:12,30.40099630,78.07809613,8,878.000,,6.130,282,27,34,,
T,2019-03-15 03:35:13,30.40101783,78.07802345,6,877.000,,6.420,284,27,34,,
T,2019-03-15 03:35:14,30.40102722,78.07795088,6,877.000,,6.510,275,28,34,,
T,2019-03-15 03:35:15,30.40101500,78.07788688,6,876.000,,6.130,263,28,34,,
T,2019-03-15 03:35:16,30.40098570,78.07783203,6,875.000,,6.230,238,28,34,,
T,2019-03-15 03:35:17,30.40092426,78.07778521,6,874.000,,6.230,219,28,34,,
T,2019-03-15 03:35:18,30.40086806,78.07775533,6,874.000,,7.080,204,28,34,,
T,2019-03-15 03:35:19,30.40081454,78.07773637,5,873.000,,6.860,198,28,34,,
T,2019-03-15 03:35:20,30.40075402,78.07772618,5,871.000,,7.110,194,28,34,,
T,2019-03-15 03:35:21,30.40069903,78.07770809,5,869.000,,6.760,196,13,20,,
T,2019-03-15 03:35:22,30.40064385,78.07769000,5,868.000,,6.160,191,13,18,,
T,2019-03-15 03:35:23,30.40059988,78.07767752,5,868.000,,5.870,194,15,19,,
T,2019-03-15 03:35:24,30.40055411,78.07766409,5,868.000,,5.480,193,16,34,,
T,2019-03-15 03:35:25,30.40051580,78.07763104,5,868.000,,5.470,216,16,34,,
T,2019-03-15 03:35:26,30.40048489,78.07759997,5,867.000,,4.350,226,13,19,,
T,2019-03-15 03:35:27,30.40045771,78.07756731,5,866.000,,4.350,226,13,19,,
T,2019-03-15 03:35:28,30.40041789,78.07752815,5,866.000,,5.810,217,12,17,,
T,2019-03-15 03:35:29,30.40037543,78.07748412,5,866.000,,6.630,218,12,18,,
T,2019-03-15 03:35:30,30.40032456,78.07743456,6,867.000,,7.470,220,10,17,,
T,2019-03-15 03:35:31,30.40027469,78.07737728,6,867.000,,7.550,220,10,17,,
T,2019-03-15 03:35:32,30.40022226,78.07732657,6,867.000,,7.370,220,10,17,,
T,2019-03-15 03:35:33,30.40015510,78.07726077,6,867.000,,8.310,222,12,32,,
T,2019-03-15 03:35:34,30.40007581,78.07718299,6,866.000,,8.290,229,13,19,,
T,2019-03-15 03:35:35,30.40005352,78.07712011,6,867.000,,7.260,233,15,33,,
T,2019-03-15 03:35:36,30.40001570,78.07706595,6,867.000,,7.140,231,14,19,,
T,2019-03-15 03:35:37,30.39998790,78.07701863,6,867.000,,5.510,239,15,33,,
T,2019-03-15 03:35:38,30.39995727,78.07697443,6,871.000,,5.400,235,15,33,,
T,2019-03-15 03:35:39,30.39992763,78.07694451,6,870.000,,4.300,235,15,33,,
T,2019-03-15 03:35:40,30.39989889,78.07691356,6,868.000,,4.080,229,18,34,,
T,2019-03-15 03:35:41,30.39987554,78.07687293,6,870.000,,4.670,234,20,34,,
T,2019-03-15 03:35:42,30.39984848,78.07685043,8,869.000,,3.940,224,20,34,,
T,2019-03-15 03:35:43,30.39981871,78.07685338,6,857.000,,3.330,192,22,34,,
T,2019-03-15 03:35:44,30.39980213,78.07685202,5,859.000,,2.180,191,22,34,,
T,2019-03-15 03:35:45,30.39977929,78.07687305,5,861.000,,2.840,162,23,35,,
T,2019-03-15 03:35:46,30.39976102,78.07688359,5,863.000,,1.720,154,23,35,,
T,2019-03-15 03:35:47,30.39974625,78.07689584,5,863.000,,1.780,149,22,35,,
T,2019-03-15 03:35:48,30.39972685,78.07690887,5,863.000,,1.970,152,22,35,,
T,2019-03-15 03:35:49,30.39970976,78.07691995,5,862.000,,0.880,152,23,35,,
T,2019-03-15 03:35:50,30.39967500,78.07694078,5,861.000,,5.530,155,23,35,,
T,2019-03-15 03:35:51,30.39961937,78.07697114,5,861.000,,5.850,156,23,35,,
T,2019-03-15 03:35:52,30.39956372,78.07698846,5,862.000,,5.370,165,23,35,,
T,2019-03-15 03:35:53,30.39948810,78.07695189,5,862.000,,5.290,209,25,35,,
T,2019-03-15 03:35:54,30.39939747,78.07697325,6,863.000,,5.530,232,25,35,,
T,2019-03-15 03:35:55,30.39936946,78.07693052,6,862.000,,5.320,233,26,35,,
T,2019-03-15 03:35:56,30.39934674,78.07688973,5,862.000,,4.760,238,26,35,,
T,2019-03-15 03:35:57,30.39932919,78.07682438,5,861.000,,4.220,248,27,35,,
T,2019-03-15 03:35:58,30.39932280,78.07677954,5,860.000,,3.710,259,27,35,,
T,2019-03-15 03:35:59,30.39932452,78.07674650,5,860.000,,2.620,276,27,36,,
T,2019-03-15 03:36:00,30.39932720,78.07672712,5,860.000,,1.950,283,27,36,,
T,2019-03-15 03:36:01,30.39933158,78.07673503,5,859.000,,0.840,248,26,36,,
T,2019-03-15 03:36:02,30.39934178,78.07673853,5,859.000,,0.910,19,26,36,,
T,2019-03-15 03:36:03,30.39933009,78.07674635,5,860.000,,0.370,248,26,36,,
T,2019-03-15 03:36:04,30.39933277,78.07674569,5,860.000,,0.520,332,26,36,,
T,2019-03-15 03:36:05,30.39933698,78.07673783,6,860.000,,0.740,318,26,36,,
T,2019-03-15 03:36:06,30.39934058,78.07672757,6,859.000,,0.700,325,27,36,,
T,2019-03-15 03:36:07,30.39935319,78.07671717,8,859.000,,1.920,336,26,36,,
T,2019-03-15 03:36:08,30.39936220,78.07670678,8,859.000,,0.920,325,26,36,,
T,2019-03-15 03:36:09,30.39936745,78.07669774,6,858.000,,1.070,319,26,36,,
T,2019-03-15 03:36:10,30.39936928,78.07669319,6,858.000,,0.260,298,26,36,,
T,2019-03-15 03:36:11,30.39936736,78.07668964,6,857.000,,0.150,283,26,36,,
T,2019-03-15 03:36:12,30.39936190,78.07668971,6,857.000,,0.000,,26,36,,
