type,time,latitude,longitude,accuracy (m),altitude (m),geoid_height (m),speed (m/s),bearing (deg),sat_used,sat_inview,name,desc
T,2019-04-02 02:47:46,30.29162033,78.10287984,5,610.000,,2.590,199,24,38,20190402-081746,GPS Logger: 20190402-081746
T,2019-04-02 02:47:47,30.29159125,78.10288480,5,610.000,,3.120,173,24,38,,
T,2019-04-02 02:47:48,30.29156177,78.10289779,5,610.000,,3.520,159,24,38,,
T,2019-04-02 02:47:49,30.29152867,78.10292352,5,610.000,,4.660,148,24,38,,
T,2019-04-02 02:47:50,30.29149420,78.10298494,5,610.000,,4.920,137,23,38,,
T,2019-04-02 02:47:51,30.29145769,78.10302324,5,610.000,,4.990,137,23,38,,
T,2019-04-02 02:47:52,30.29142386,78.10305753,5,610.000,,4.810,138,23,38,,
T,2019-04-02 02:47:53,30.29138746,78.10309246,5,611.000,,4.870,138,23,38,,
T,2019-04-02 02:47:54,30.29134863,78.10312699,5,611.000,,5.150,142,24,38,,
T,2019-04-02 02:47:55,30.29131308,78.10316393,5,611.000,,5.060,139,24,38,,
T,2019-04-02 02:47:56,30.29127409,78.10319881,5,610.000,,5.460,140,23,38,,
T,2019-04-02 02:47:57,30.29123404,78.10323238,5,610.000,,5.440,142,24,38,,
T,2019-04-02 02:47:58,30.29119143,78.10326793,5,610.000,,5.660,146,24,38,,
T,2019-04-02 02:47:59,30.29115404,78.10330575,5,610.000,,5.610,142,24,38,,
T,2019-04-02 02:48:00,30.29110991,78.10334319,5,610.000,,5.740,142,24,39,,
T,2019-04-02 02:48:01,30.29107708,78.10337476,5,610.000,,5.830,140,15,25,,
T,2019-04-02 02:48:02,30.29103513,78.10341033,5,610.000,,5.790,141,15,25,,
T,2019-04-02 02:48:03,30.29099646,78.10343912,5,610.000,,5.240,145,13,25,,
T,2019-04-02 02:48:04,30.29095571,78.10346252,5,610.000,,4.560,158,13,23,,
T,2019-04-02 02:48:05,30.29091762,78.10347324,5,609.000,,4.300,185,15,24,,
T,2019-04-02 02:48:06,30.29088229,78.10345479,5,609.000,,4.390,218,15,24,,
T,2019-04-02 02:48:07,30.29085957,78.10342328,5,611.000,,4.810,226,15,23,,
T,2019-04-02 02:48:08,30.29083080,78.10338312,5,610.000,,5.460,233,14,23,,
T,2019-04-02 02:48:09,30.29080079,78.10333562,5,610.000,,5.720,236,14,23,,
T,2019-04-02 02:48:10,30.29077092,78.10328880,5,610.000,,5.440,235,13,22,,
T,2019-04-02 02:48:11,30.29074009,78.10324381,5,610.000,,5.470,233,12,22,,
T,2019-04-02 02:48:12,30.29070588,78.10320643,5,609.000,,5.520,232,12,22,,
T,2019-04-02 02:48:13,30.29067314,78.10315538,5,609.000,,6.070,233,14,22,,
T,2019-04-02 02:48:14,30.29064338,78.10311186,5,608.000,,5.660,227,12,21,,
T,2019-04-02 02:48:15,30.29060876,78.10306867,5,608.000,,5.650,227,12,22,,
T,2019-04-02 02:48:16,30.29057572,78.10303076,5,608.000,,4.500,228,12,22,,
T,2019-04-02 02:48:17,30.29054874,78.10299569,5,608.000,,4.500,228,12,21,,
T,2019-04-02 02:48:18,30.29055614,78.10296742,5,607.000,,3.150,266,13,23,,
T,2019-04-02 02:48:19,30.29056530,78.10292753,5,607.000,,3.210,281,13,23,,
T,2019-04-02 02:48:20,30.29057717,78.10289549,5,607.000,,3.380,290,12,22,,
T,2019-04-02 02:48:21,30.29059979,78.10285612,5,607.000,,4.290,297,15,22,,
T,2019-04-02 02:48:22,30.29062345,78.10280483,5,608.000,,5.470,308,13,21,,
T,2019-04-02 02:48:23,30.29065429,78.10275688,5,608.000,,6.200,317,14,22,,
T,2019-04-02 02:48:24,30.29069020,78.10270480,5,607.000,,6.820,319,14,22,,
T,2019-04-02 02:48:25,30.29073853,78.10265702,5,608.000,,7.190,321,11,20,,
T,2019-04-02 02:48:26,30.29078863,78.10260956,5,608.000,,7.190,321,13,22,,
T,2019-04-02 02:48:27,30.29083394,78.10255639,5,608.000,,7.580,322,13,22,,
T,2019-04-02 02:48:28,30.29088108,78.10251136,5,609.000,,7.760,322,13,21,,
T,2019-04-02 02:48:29,30.29093678,78.10245738,5,609.000,,8.140,322,12,20,,
T,2019-04-02 02:48:30,30.29099776,78.10241263,5,610.000,,8.560,319,11,21,,
T,2019-04-02 02:48:31,30.29105602,78.10235425,5,610.000,,8.550,319,13,22,,
T,2019-04-02 02:48:32,30.29111825,78.10230414,5,611.000,,8.490,322,10,21,,
T,2019-04-02 02:48:33,30.29118275,78.10223738,5,611.000,,8.860,321,10,21,,
T,2019-04-02 02:48:34,30.29124475,78.10217933,5,611.000,,8.850,324,11,23,,
T,2019-04-02 02:48:35,30.29132086,78.10211411,5,610.000,,9.230,323,11,23,,
T,2019-04-02 02:48:36,30.29138754,78.10206587,5,611.000,,9.010,323,9,20,,
T,2019-04-02 02:48:37,30.29145272,78.10200981,5,611.000,,9.010,323,10,23,,
T,2019-04-02 02:48:38,30.29151090,78.10194873,5,611.000,,8.870,323,10,23,,
T,2019-04-02 02:48:39,30.29157043,78.10189570,5,611.000,,8.590,323,15,23,,
T,2019-04-02 02:48:40,30.29162753,78.10184124,5,611.000,,8.130,322,13,21,,
T,2019-04-02 02:48:41,30.29169252,78.10180279,5,610.000,,8.140,322,12,21,,
T,2019-04-02 02:48:42,30.29174948,78.10175180,5,609.000,,7.590,318,12,21,,
T,2019-04-02 02:48:43,30.29180204,78.10168903,5,609.000,,7.940,322,13,22,,
T,2019-04-02 02:48:44,30.29185144,78.10164736,5,608.000,,8.260,320,13,23,,
T,2019-04-02 02:48:45,30.29190823,78.10160042,5,608.000,,8.480,320,13,22,,
T,2019-04-02 02:48:46,30.29196525,78.10156114,6,609.000,,8.700,320,13,22,,
T,2019-04-02 02:48:47,30.29202220,78.10148961,5,610.000,,8.880,319,12,21,,
T,2019-04-02 02:48:48,30.29208385,78.10142998,6,610.000,,8.800,321,13,22,,
T,2019-04-02 02:48:49,30.29213944,78.10137438,5,611.000,,8.830,321,12,21,,
T,2019-04-02 02:48:50,30.29220152,78.10131672,6,611.000,,8.830,322,12,22,,
T,2019-04-02 02:48:51,30.29225786,78.10125887,5,610.000,,8.350,324,12,22,,
T,2019-04-02 02:48:52,30.29232237,78.10120547,5,610.000,,8.340,327,10,20,,
T,2019-04-02 02:48:53,30.29237990,78.10115877,5,610.000,,8.140,322,10,20,,
T,2019-04-02 02:48:54,30.29244473,78.10109851,5,611.000,,8.070,321,10,20,,
T,2019-04-02 02:48:55,30.29250183,78.10104647,6,611.000,,8.070,322,13,23,,
T,2019-04-02 02:48:56,30.29256415,78.10098944,5,611.000,,8.180,320,15,23,,
T,2019-04-02 02:48:57,30.29262014,78.10092914,5,610.000,,8.320,320,15,23,,
T,2019-04-02 02:48:58,30.29267969,78.10086706,5,611.000,,8.650,322,10,18,,
T,2019-04-02 02:48:59,30.29275622,78.10080324,5,610.000,,9.020,323,13,23,,
T,2019-04-02 02:49:00,30.29281753,78.10074487,5,610.000,,8.940,322,12,21,,
T,2019-04-02 02:49:01,30.29287387,78.10069904,5,610.000,,8.750,320,11,21,,
T,2019-04-02 02:49:02,30.29293482,78.10064116,5,610.000,,8.750,319,12,21,,
T,2019-04-02 02:49:03,30.29299211,78.10057405,5,610.000,,9.150,318,12,21,,
T,2019-04-02 02:49:04,30.29307611,78.10051029,5,610.000,,9.960,317,12,22,,
T,2019-04-02 02:49:05,30.29315860,78.10044753,5,609.000,,10.670,322,11,22,,
T,2019-04-02 02:49:06,30.29323664,78.10037629,5,610.000,,11.310,321,12,23,,
T,2019-04-02 02:49:07,30.29331329,78.10030365,5,610.000,,11.050,321,12,23,,
T,2019-04-02 02:49:08,30.29339236,78.10022852,5,609.000,,10.230,319,14,23,,
T,2019-04-02 02:49:09,30.29346497,78.10015505,5,609.000,,10.090,322,13,21,,
T,2019-04-02 02:49:10,30.29353544,78.10009242,5,609.000,,9.810,322,12,21,,
T,2019-04-02 02:49:11,30.29360447,78.10002859,5,609.000,,9.800,318,11,21,,
T,2019-04-02 02:49:12,30.29366707,78.09997510,5,609.000,,9.670,321,11,21,,
T,2019-04-02 02:49:13,30.29373387,78.09991040,5,609.000,,9.670,321,11,22,,
T,2019-04-02 02:49:14,30.29379150,78.09984510,5,610.000,,8.930,320,11,23,,
T,2019-04-02 02:49:15,30.29385604,78.09978610,5,610.000,,8.440,321,11,23,,
T,2019-04-02 02:49:16,30.29391476,78.09973020,5,609.000,,8.440,320,11,23,,
T,2019-04-02 02:49:17,30.29397022,78.09967346,5,610.000,,8.280,319,11,23,,
T,2019-04-02 02:49:18,30.29402883,78.09961995,5,610.000,,8.280,321,11,23,,
T,2019-04-02 02:49:19,30.29408295,78.09957709,5,610.000,,7.740,326,11,23,,
T,2019-04-02 02:49:20,30.29414065,78.09953013,5,610.000,,7.660,329,12,21,,
T,2019-04-02 02:49:21,30.29420131,78.09949913,5,610.000,,7.210,342,13,22,,
T,2019-04-02 02:49:22,30.29425446,78.09947798,5,610.000,,5.860,346,14,21,,
T,2019-04-02 02:49:23,30.29429133,78.09946574,5,609.000,,4.480,351,14,22,,
T,2019-04-02 02:49:24,30.29433882,78.09944923,5,609.000,,4.400,349,17,23,,
T,2019-04-02 02:49:25,30.29438454,78.09944051,5,609.000,,5.120,347,14,20,,
T,2019-04-02 02:49:26,30.29442838,78.09943502,5,609.000,,6.050,350,14,22,,
T,2019-04-02 02:49:27,30.29448810,78.09941878,5,610.000,,6.720,347,14,22,,
T,2019-04-02 02:49:28,30.29456301,78.09940944,5,609.000,,7.670,348,15,22,,
T,2019-04-02 02:49:29,30.29463313,78.09939396,5,609.000,,8.440,349,15,23,,
T,2019-04-02 02:49:30,30.29471291,78.09937067,5,609.000,,9.320,346,14,23,,
T,2019-04-02 02:49:31,30.29480226,78.09935103,5,609.000,,10.090,345,14,23,,
T,2019-04-02 02:49:32,30.29489067,78.09932727,5,608.000,,10.680,347,15,22,,
T,2019-04-02 02:49:33,30.29498793,78.09929923,5,608.000,,11.240,347,12,22,,
T,2019-04-02 02:49:34,30.29508642,78.09927024,5,608.000,,11.620,347,12,22,,
T,2019-04-02 02:49:35,30.29518883,78.09924116,5,608.000,,11.680,347,12,21,,
T,2019-04-02 02:49:36,30.29529021,78.09921872,5,608.000,,10.920,349,12,21,,
T,2019-04-02 02:49:37,30.29538498,78.09920016,5,607.000,,10.260,349,14,23,,
T,2019-04-02 02:49:38,30.29548032,78.09917975,5,607.000,,10.440,351,14,23,,
T,2019-04-02 02:49:39,30.29557401,78.09915091,5,607.000,,10.590,347,14,23,,
T,2019-04-02 02:49:39,30.29562456,78.09913268,5,608.000,,10.530,345,15,23,,
T,2019-04-02 02:49:42,30.29585975,78.09906240,5,609.000,,11.270,346,15,34,,
T,2019-04-02 02:49:43,30.29596360,78.09902360,5,608.000,,11.590,345,16,36,,
T,2019-04-02 02:49:44,30.29606848,78.09899742,5,608.000,,11.590,346,16,36,,
T,2019-04-02 02:49:45,30.29617596,78.09896830,5,608.000,,12.230,347,17,36,,
T,2019-04-02 02:49:46,30.29628530,78.09893806,5,608.000,,12.530,346,20,36,,
T,2019-04-02 02:49:47,30.29640304,78.09890466,5,609.000,,12.910,348,22,36,,
T,2019-04-02 02:49:48,30.29651555,78.09887914,5,609.000,,12.930,349,22,36,,
T,2019-04-02 02:49:49,30.29663651,78.09885399,5,609.000,,13.010,349,23,35,,
T,2019-04-02 02:49:50,30.29674896,78.09883247,5,609.000,,12.370,350,15,21,,
T,2019-04-02 02:49:51,30.29686015,78.09880951,5,610.000,,11.710,350,13,22,,
T,2019-04-02 02:49:52,30.29696237,78.09878939,5,611.000,,11.160,349,13,22,,
T,2019-04-02 02:49:53,30.29705510,78.09876886,5,611.000,,10.630,348,13,22,,
T,2019-04-02 02:49:54,30.29714731,78.09874224,5,611.000,,10.000,348,13,22,,
T,2019-04-02 02:49:55,30.29723143,78.09872400,5,610.000,,9.640,351,13,22,,
T,2019-04-02 02:49:56,30.29731345,78.09870422,5,611.000,,7.820,347,12,21,,
T,2019-04-02 02:49:57,30.29737528,78.09868343,5,610.000,,6.740,343,14,22,,
T,2019-04-02 02:49:58,30.29743148,78.09866999,5,610.000,,6.560,350,14,22,,
T,2019-04-02 02:49:59,30.29749276,78.09866419,5,610.000,,6.980,358,14,21,,
T,2019-04-02 02:50:00,30.29755628,78.09866056,5,610.000,,7.180,356,14,22,,
T,2019-04-02 02:50:01,30.29762430,78.09865428,5,611.000,,7.770,353,13,22,,
T,2019-04-02 02:50:02,30.29769855,78.09864839,5,611.000,,8.690,356,13,21,,
T,2019-04-02 02:50:03,30.29777582,78.09863495,5,612.000,,8.960,352,13,21,,
T,2019-04-02 02:50:04,30.29785591,78.09862238,5,612.000,,8.960,352,12,22,,
T,2019-04-02 02:50:05,30.29794098,78.09859883,5,612.000,,9.380,349,13,21,,
T,2019-04-02 02:50:06,30.29802833,78.09856851,5,611.000,,9.880,349,13,21,,
T,2019-04-02 02:50:07,30.29811899,78.09855652,5,612.000,,10.110,353,13,21,,
T,2019-04-02 02:50:08,30.29820611,78.09854929,5,611.000,,10.380,353,10,20,,
T,2019-04-02 02:50:09,30.29829918,78.09853687,5,611.000,,10.380,353,12,22,,
T,2019-04-02 02:50:10,30.29838537,78.09850846,5,611.000,,10.050,352,12,22,,
T,2019-04-02 02:50:11,30.29847772,78.09849035,5,609.000,,9.610,352,12,21,,
T,2019-04-02 02:50:12,30.29855750,78.09847792,5,609.000,,9.310,352,12,21,,
T,2019-04-02 02:50:13,30.29863890,78.09846219,5,608.000,,9.010,351,13,21,,
T,2019-04-02 02:50:14,30.29872249,78.09844622,5,608.000,,9.080,349,12,22,,
T,2019-04-02 02:50:15,30.29880297,78.09842837,5,608.000,,9.080,349,12,20,,
T,2019-04-02 02:50:16,30.29888126,78.09842171,5,609.000,,9.100,352,12,21,,
T,2019-04-02 02:50:17,30.29896363,78.09840362,5,609.000,,9.460,353,12,21,,
T,2019-04-02 02:50:18,30.29904834,78.09839160,5,609.000,,9.460,353,11,22,,
T,2019-04-02 02:50:19,30.29913727,78.09838256,5,609.000,,9.680,352,11,22,,
T,2019-04-02 02:50:19,30.29919215,78.09837456,5,609.000,,9.700,351,12,21,,
T,2019-04-02 02:50:22,30.29940212,78.09832920,5,610.000,,10.120,349,14,34,,
T,2019-04-02 02:50:23,30.29949431,78.09831069,5,609.000,,9.670,351,14,34,,
T,2019-04-02 02:50:24,30.29958591,78.09829982,5,610.000,,9.770,352,16,34,,
T,2019-04-02 02:50:25,30.29967056,78.09828122,5,611.000,,9.900,351,21,35,,
T,2019-04-02 02:50:26,30.29975838,78.09826523,5,610.000,,9.800,351,24,36,,
T,2019-04-02 02:50:27,30.29984799,78.09825495,5,609.000,,10.080,353,25,37,,
T,2019-04-02 02:50:28,30.29993541,78.09824121,5,609.000,,10.200,353,24,37,,
T,2019-04-02 02:50:29,30.30002439,78.09822426,5,610.000,,10.040,351,16,23,,
T,2019-04-02 02:50:30,30.30011621,78.09821330,5,609.000,,9.930,348,12,20,,
T,2019-04-02 02:50:31,30.30020462,78.09818932,5,609.000,,10.170,350,12,20,,
T,2019-04-02 02:50:32,30.30028994,78.09816845,5,610.000,,9.970,349,12,23,,
T,2019-04-02 02:50:33,30.30037826,78.09814854,5,610.000,,9.970,349,10,21,,
T,2019-04-02 02:50:34,30.30047463,78.09811650,5,612.000,,10.430,348,12,21,,
T,2019-04-02 02:50:35,30.30057633,78.09809598,5,612.000,,10.730,351,12,21,,
T,2019-04-02 02:50:36,30.30067379,78.09808910,5,613.000,,11.020,352,14,23,,
T,2019-04-02 02:50:37,30.30077223,78.09807302,5,612.000,,11.020,352,14,23,,
T,2019-04-02 02:50:38,30.30087721,78.09805186,5,613.000,,11.130,351,12,22,,
T,2019-04-02 02:50:39,30.30097980,78.09804082,5,613.000,,11.190,351,11,21,,
T,2019-04-02 02:50:40,30.30108206,78.09802891,5,614.000,,11.070,353,13,22,,
T,2019-04-02 02:50:41,30.30118570,78.09802353,5,613.000,,10.760,353,13,22,,
T,2019-04-02 02:50:42,30.30128208,78.09801015,5,613.000,,10.760,353,13,22,,
T,2019-04-02 02:50:43,30.30137053,78.09799882,5,613.000,,10.770,355,13,22,,
T,2019-04-02 02:50:44,30.30146736,78.09798911,5,613.000,,10.770,355,11,22,,
T,2019-04-02 02:50:45,30.30156912,78.09798697,5,614.000,,10.710,357,11,22,,
T,2019-04-02 02:50:46,30.30166976,78.09798391,5,614.000,,10.500,358,12,20,,
T,2019-04-02 02:50:47,30.30176451,78.09798080,5,615.000,,10.500,358,11,20,,
T,2019-04-02 02:50:48,30.30184172,78.09797993,5,614.000,,9.610,359,12,22,,
T,2019-04-02 02:50:49,30.30193103,78.09797912,5,614.000,,9.590,1,12,22,,
T,2019-04-02 02:50:50,30.30201269,78.09798749,5,615.000,,9.530,2,14,23,,
T,2019-04-02 02:50:51,30.30209861,78.09799086,5,615.000,,9.530,2,11,19,,
T,2019-04-02 02:50:52,30.30216899,78.09798800,5,615.000,,8.770,1,11,19,,
T,2019-04-02 02:50:53,30.30224808,78.09798962,5,615.000,,8.760,1,10,18,,
T,2019-04-02 02:50:54,30.30231986,78.09799766,5,614.000,,7.770,1,10,18,,
T,2019-04-02 02:50:55,30.30239818,78.09799511,5,616.000,,8.090,2,11,19,,
T,2019-04-02 02:50:56,30.30246715,78.09800558,5,617.000,,7.730,5,13,22,,
T,2019-04-02 02:50:57,30.30253680,78.09800899,5,616.000,,8.230,3,13,22,,
T,2019-04-02 02:50:58,30.30261456,78.09800504,5,616.000,,8.480,1,13,22,,
T,2019-04-02 02:50:59,30.30268067,78.09801519,5,615.000,,7.920,2,12,22,,
T,2019-04-02 02:51:00,30.30275374,78.09802175,5,615.000,,8.070,2,11,22,,
T,2019-04-02 02:51:01,30.30282655,78.09802474,5,615.000,,8.070,2,11,22,,
T,2019-04-02 02:51:02,30.30290147,78.09801938,5,614.000,,7.280,2,13,23,,
T,2019-04-02 02:51:03,30.30296121,78.09801753,5,614.000,,7.330,6,13,23,,
T,2019-04-02 02:51:04,30.30302963,78.09803029,5,614.000,,7.590,7,11,21,,
T,2019-04-02 02:51:05,30.30309760,78.09804043,5,613.000,,7.590,7,11,22,,
T,2019-04-02 02:51:06,30.30318931,78.09804294,5,613.000,,8.240,1,11,22,,
T,2019-04-02 02:51:07,30.30326361,78.09804489,5,613.000,,8.230,1,11,19,,
T,2019-04-02 02:51:08,30.30333651,78.09804197,5,613.000,,8.210,359,11,19,,
T,2019-04-02 02:51:09,30.30340921,78.09803657,5,611.000,,8.550,359,11,21,,
T,2019-04-02 02:51:10,30.30349032,78.09803989,5,611.000,,8.700,360,12,21,,
T,2019-04-02 02:51:11,30.30357006,78.09804686,5,611.000,,8.350,2,12,21,,
T,2019-04-02 02:51:12,30.30364541,78.09805004,5,611.000,,8.350,2,11,22,,
T,2019-04-02 02:51:13,30.30370025,78.09805105,5,611.000,,7.500,1,11,22,,
T,2019-04-02 02:51:14,30.30376574,78.09804893,5,611.000,,7.010,358,14,23,,
T,2019-04-02 02:51:15,30.30382514,78.09804971,5,611.000,,6.810,2,12,21,,
T,2019-04-02 02:51:16,30.30387774,78.09805006,5,611.000,,7.130,3,14,22,,
T,2019-04-02 02:51:17,30.30394753,78.09805427,5,612.000,,7.120,2,12,20,,
T,2019-04-02 02:51:18,30.30400828,78.09805518,5,612.000,,6.420,357,11,21,,
T,2019-04-02 02:51:19,30.30406705,78.09804545,5,612.000,,6.370,360,12,22,,
T,2019-04-02 02:51:20,30.30412661,78.09805167,5,611.000,,6.170,5,11,22,,
T,2019-04-02 02:51:21,30.30418334,78.09805615,5,613.000,,6.610,5,10,21,,
T,2019-04-02 02:51:22,30.30424238,78.09805799,5,611.000,,6.810,3,13,22,,
T,2019-04-02 02:51:23,30.30430750,78.09806126,5,611.000,,7.060,0,13,22,,
T,2019-04-02 02:51:24,30.30437123,78.09806166,5,612.000,,7.060,0,10,20,,
T,2019-04-02 02:51:25,30.30444165,78.09806362,5,612.000,,7.260,360,12,23,,
T,2019-04-02 02:51:26,30.30450754,78.09806693,5,612.000,,6.950,1,13,22,,
T,2019-04-02 02:51:27,30.30456479,78.09806155,5,611.000,,6.000,356,10,19,,
T,2019-04-02 02:51:28,30.30461887,78.09805742,5,611.000,,6.000,356,10,19,,
T,2019-04-02 02:51:29,30.30466464,78.09805064,5,611.000,,5.590,357,10,19,,
T,2019-04-02 02:51:30,30.30471353,78.09805659,5,611.000,,5.440,2,14,23,,
T,2019-04-02 02:51:31,30.30476265,78.09805889,5,611.000,,5.440,2,13,21,,
T,2019-04-02 02:51:32,30.30481076,78.09806021,5,611.000,,5.780,3,10,21,,
T,2019-04-02 02:51:33,30.30486562,78.09806288,5,611.000,,6.020,5,10,21,,
T,2019-04-02 02:51:34,30.30491701,78.09807133,5,611.000,,6.380,4,11,21,,
T,2019-04-02 02:51:35,30.30498011,78.09807483,5,611.000,,6.670,2,13,22,,
T,2019-04-02 02:51:36,30.30504426,78.09808149,5,610.000,,7.040,2,12,21,,
T,2019-04-02 02:51:37,30.30510849,78.09808425,5,610.000,,7.270,4,11,22,,
T,2019-04-02 02:51:38,30.30517773,78.09808809,5,610.000,,7.480,2,10,21,,
T,2019-04-02 02:51:39,30.30524534,78.09809405,5,610.000,,7.350,3,10,22,,
T,2019-04-02 02:51:40,30.30531036,78.09809422,5,609.000,,7.750,359,13,23,,
T,2019-04-02 02:51:41,30.30537818,78.09809011,5,609.000,,7.520,356,12,22,,
T,2019-04-02 02:51:42,30.30544232,78.09808448,5,609.000,,6.580,352,12,22,,
T,2019-04-02 02:51:43,30.30549774,78.09807546,5,609.000,,5.860,352,11,21,,
T,2019-04-02 02:51:44,30.30554404,78.09807035,5,609.000,,5.520,0,14,22,,
T,2019-04-02 02:51:45,30.30558609,78.09807461,5,610.000,,5.050,6,13,21,,
T,2019-04-02 02:51:46,30.30562799,78.09807775,5,610.000,,4.560,10,13,23,,
T,2019-04-02 02:51:47,30.30566758,78.09809016,5,610.000,,4.280,8,11,20,,
T,2019-04-02 02:51:48,30.30570581,78.09809637,5,610.000,,4.280,8,13,23,,
T,2019-04-02 02:51:49,30.30574214,78.09810188,5,610.000,,3.930,7,13,23,,
T,2019-04-02 02:51:50,30.30577660,78.09810192,5,609.000,,3.740,0,13,23,,
T,2019-04-02 02:51:51,30.30581841,78.09809405,5,610.000,,4.210,1,13,22,,
T,2019-04-02 02:51:52,30.30585934,78.09809704,5,610.000,,4.440,8,13,22,,
T,2019-04-02 02:51:53,30.30589959,78.09810515,5,610.000,,4.180,6,11,21,,
T,2019-04-02 02:51:54,30.30593586,78.09811283,5,611.000,,4.110,7,13,23,,
T,2019-04-02 02:51:54,30.30596126,78.09811927,5,611.000,,4.390,12,12,21,,
T,2019-04-02 02:51:57,30.30604372,78.09817912,5,611.000,,4.820,37,14,34,,
T,2019-04-02 02:51:58,30.30607793,78.09821198,5,611.000,,4.980,41,15,34,,
T,2019-04-02 02:51:59,30.30611703,78.09824810,5,611.000,,5.260,41,15,34,,
T,2019-04-02 02:52:00,30.30615419,78.09826706,5,611.000,,4.520,35,16,34,,
T,2019-04-02 02:52:01,30.30618438,78.09830039,5,611.000,,4.620,40,22,34,,
T,2019-04-02 02:52:02,30.30621690,78.09832288,5,611.000,,4.240,28,22,34,,
T,2019-04-02 02:52:03,30.30625724,78.09834293,5,611.000,,4.650,27,23,34,,
T,2019-04-02 02:52:04,30.30629891,78.09835922,5,612.000,,4.650,16,15,21,,
T,2019-04-02 02:52:05,30.30633471,78.09836720,5,612.000,,4.220,7,15,21,,
T,2019-04-02 02:52:06,30.30637038,78.09837435,5,613.000,,4.270,358,13,21,,
T,2019-04-02 02:52:07,30.30639969,78.09837089,5,612.000,,3.820,343,12,20,,
T,2019-04-02 02:52:08,30.30643051,78.09836807,5,613.000,,3.900,347,12,20,,
T,2019-04-02 02:52:09,30.30646476,78.09835875,5,613.000,,3.900,347,12,21,,
T,2019-04-02 02:52:10,30.30649883,78.09833568,5,612.000,,4.260,332,12,21,,
T,2019-04-02 02:52:11,30.30652549,78.09830487,5,612.000,,4.170,323,13,20,,
T,2019-04-02 02:52:12,30.30656480,78.09827878,5,612.000,,5.230,339,13,20,,
T,2019-04-02 02:52:13,30.30659898,78.09824936,5,612.000,,4.910,328,13,21,,
T,2019-04-02 02:52:14,30.30664145,78.09822002,5,613.000,,5.660,329,13,21,,
T,2019-04-02 02:52:15,30.30669033,78.09819137,5,613.000,,6.260,338,13,21,,
T,2019-04-02 02:52:16,30.30674297,78.09816885,5,614.000,,6.640,343,13,21,,
T,2019-04-02 02:52:17,30.30680029,78.09814866,5,613.000,,6.640,343,11,20,,
T,2019-04-02 02:52:18,30.30686737,78.09814526,5,614.000,,7.040,351,11,20,,
T,2019-04-02 02:52:19,30.30692762,78.09813825,5,615.000,,6.490,351,13,22,,
T,2019-04-02 02:52:20,30.30698409,78.09813147,5,615.000,,7.130,348,11,19,,
T,2019-04-02 02:52:21,30.30705173,78.09811307,5,615.000,,7.770,348,13,22,,
T,2019-04-02 02:52:22,30.30711529,78.09809691,5,615.000,,7.110,352,11,20,,
T,2019-04-02 02:52:23,30.30718499,78.09808469,5,615.000,,7.600,350,11,20,,
T,2019-04-02 02:52:24,30.30725520,78.09806252,5,615.000,,7.920,349,10,20,,
T,2019-04-02 02:52:25,30.30732534,78.09804689,5,615.000,,7.920,349,9,21,,
T,2019-04-02 02:52:26,30.30740093,78.09802682,5,614.000,,7.110,346,9,21,,
T,2019-04-02 02:52:27,30.30746993,78.09799902,5,614.000,,7.640,344,11,20,,
T,2019-04-02 02:52:28,30.30753448,78.09797725,5,614.000,,7.750,344,11,20,,
T,2019-04-02 02:52:29,30.30758696,78.09793388,5,613.000,,6.300,330,10,22,,
T,2019-04-02 02:52:30,30.30764699,78.09789813,5,614.000,,7.460,337,10,22,,
T,2019-04-02 02:52:31,30.30771339,78.09786892,5,614.000,,7.620,339,8,19,,
T,2019-04-02 02:52:32,30.30778167,78.09782962,5,613.000,,7.110,340,10,21,,
T,2019-04-02 02:52:33,30.30782979,78.09780055,5,613.000,,6.150,336,12,21,,
T,2019-04-02 02:52:34,30.30788063,78.09777488,6,613.000,,6.150,336,11,20,,
T,2019-04-02 02:52:35,30.30796677,78.09774452,5,615.000,,7.390,337,11,20,,
T,2019-04-02 02:52:36,30.30803200,78.09770732,5,616.000,,7.460,333,10,20,,
T,2019-04-02 02:52:37,30.30808421,78.09766262,5,616.000,,7.310,322,10,20,,
T,2019-04-02 02:52:38,30.30813628,78.09761358,5,616.000,,7.200,317,10,19,,
T,2019-04-02 02:52:39,30.30818373,78.09756238,6,616.000,,7.200,317,10,19,,
T,2019-04-02 02:52:40,30.30822779,78.09750737,5,618.000,,7.300,310,10,19,,
T,2019-04-02 02:52:41,30.30827943,78.09746557,5,618.000,,7.400,315,9,19,,
T,2019-04-02 02:52:42,30.30833062,78.09742004,5,618.000,,7.500,318,10,20,,
T,2019-04-02 02:52:43,30.30837362,78.09736181,5,619.000,,7.000,314,11,20,,
T,2019-04-02 02:52:44,30.30841117,78.09731111,5,618.000,,6.390,315,10,17,,
T,2019-04-02 02:52:45,30.30845325,78.09726579,5,618.000,,6.380,322,10,20,,
T,2019-04-02 02:52:46,30.30848673,78.09722340,5,619.000,,4.550,314,11,19,,
T,2019-04-02 02:52:47,30.30850640,78.09718706,5,618.000,,3.480,301,13,20,,
T,2019-04-02 02:52:48,30.30851740,78.09714408,5,619.000,,3.610,298,11,18,,
T,2019-04-02 02:52:49,30.30852148,78.09710717,5,619.000,,3.580,285,9,18,,
T,2019-04-02 02:52:50,30.30852814,78.09707085,5,619.000,,3.560,295,9,18,,
T,2019-04-02 02:52:51,30.30854600,78.09704510,5,620.000,,3.650,292,9,18,,
T,2019-04-02 02:52:52,30.30855684,78.09700583,5,620.000,,3.850,290,10,19,,
T,2019-04-02 02:52:53,30.30857040,78.09696685,5,620.000,,4.010,288,10,18,,
T,2019-04-02 02:52:54,30.30858909,78.09691644,5,620.000,,4.870,277,10,18,,
T,2019-04-02 02:52:55,30.30858747,78.09686380,5,618.000,,4.920,268,10,17,,
T,2019-04-02 02:52:56,30.30858499,78.09680667,5,618.000,,5.160,267,10,16,,
T,2019-04-02 02:52:57,30.30858271,78.09675438,5,619.000,,5.430,261,10,18,,
T,2019-04-02 02:52:58,30.30857529,78.09669887,5,619.000,,5.390,251,10,19,,
T,2019-04-02 02:52:59,30.30856359,78.09664175,5,619.000,,5.580,252,12,19,,
T,2019-04-02 02:53:00,30.30854662,78.09659169,5,618.000,,5.330,254,11,18,,
T,2019-04-02 02:53:01,30.30853465,78.09652939,5,619.000,,5.390,258,11,18,,
T,2019-04-02 02:53:02,30.30851686,78.09646205,5,618.000,,5.810,255,11,19,,
T,2019-04-02 02:53:03,30.30850901,78.09639397,5,616.000,,6.100,255,12,19,,
T,2019-04-02 02:53:04,30.30849444,78.09633273,5,616.000,,6.100,255,10,16,,
T,2019-04-02 02:53:05,30.30849257,78.09626831,5,618.000,,6.340,261,10,18,,
T,2019-04-02 02:53:06,30.30848790,78.09621721,5,618.000,,5.180,255,10,18,,
T,2019-04-02 02:53:07,30.30847512,78.09616541,6,618.000,,5.180,255,9,17,,
T,2019-04-02 02:53:08,30.30844737,78.09610813,6,617.000,,4.930,245,9,17,,
T,2019-04-02 02:53:09,30.30843130,78.09606702,8,618.000,,4.790,249,13,19,,
T,2019-04-02 02:53:10,30.30842320,78.09599004,6,619.000,,5.920,268,11,19,,
T,2019-04-02 02:53:11,30.30843326,78.09592723,6,620.000,,5.790,275,11,19,,
T,2019-04-02 02:53:12,30.30844968,78.09587996,6,623.000,,4.390,287,12,18,,
T,2019-04-02 02:53:13,30.30844493,78.09583992,5,624.000,,4.110,274,14,18,,
T,2019-04-02 02:53:14,30.30844770,78.09579716,6,625.000,,4.120,274,12,17,,
T,2019-04-02 02:53:15,30.30848769,78.09573766,6,625.000,,5.010,292,12,17,,
T,2019-04-02 02:53:16,30.30850479,78.09568935,6,625.000,,5.010,292,11,16,,
T,2019-04-02 02:53:17,30.30853144,78.09562422,5,625.000,,6.010,294,13,18,,
T,2019-04-02 02:53:18,30.30855370,78.09556719,6,625.000,,6.010,294,13,18,,
T,2019-04-02 02:53:19,30.30859111,78.09551604,5,624.000,,6.430,300,13,18,,
T,2019-04-02 02:53:20,30.30861522,78.09545230,5,625.000,,6.510,300,12,17,,
T,2019-04-02 02:53:21,30.30864425,78.09539346,5,625.000,,6.510,300,12,17,,
T,2019-04-02 02:53:22,30.30866996,78.09532496,5,625.000,,6.950,298,12,17,,
T,2019-04-02 02:53:23,30.30869971,78.09526136,6,625.000,,6.950,298,11,16,,
T,2019-04-02 02:53:24,30.30872193,78.09518410,5,623.000,,7.190,298,11,16,,
T,2019-04-02 02:53:25,30.30875212,78.09510990,5,624.000,,7.270,299,13,18,,
T,2019-04-02 02:53:26,30.30879227,78.09505021,5,624.000,,7.340,302,11,17,,
T,2019-04-02 02:53:27,30.30882585,78.09497976,5,625.000,,7.170,300,11,17,,
T,2019-04-02 02:53:28,30.30885846,78.09491527,5,625.000,,7.170,300,13,19,,
T,2019-04-02 02:53:29,30.30890226,78.09488810,5,624.000,,6.130,312,13,19,,
T,2019-04-02 02:53:30,30.30893951,78.09484088,5,624.000,,6.130,312,13,17,,
T,2019-04-02 02:53:31,30.30895662,78.09484587,5,624.000,,3.110,320,15,19,,
T,2019-04-02 02:53:32,30.30897808,78.09482491,5,624.000,,3.110,320,15,19,,
T,2019-04-02 02:53:33,30.30900023,78.09480582,5,624.000,,3.030,318,8,15,,
T,2019-04-02 02:53:34,30.30902272,78.09478887,5,624.000,,3.100,321,8,15,,
T,2019-04-02 02:53:35,30.30905731,78.09477885,5,623.000,,3.290,331,11,19,,
T,2019-04-02 02:53:36,30.30908330,78.09476225,5,623.000,,3.290,331,11,18,,
T,2019-04-02 02:53:37,30.30911186,78.09474052,5,624.000,,4.090,333,11,17,,
T,2019-04-02 02:53:38,30.30914453,78.09473116,5,623.000,,4.220,330,9,17,,
T,2019-04-02 02:53:39,30.30917921,78.09469934,5,623.000,,4.530,327,9,17,,
T,2019-04-02 02:53:40,30.30921448,78.09466756,5,623.000,,4.810,326,9,17,,
T,2019-04-02 02:53:41,30.30924710,78.09464036,5,624.000,,4.980,327,11,17,,
T,2019-04-02 02:53:42,30.30928083,78.09460182,5,624.000,,4.890,317,9,18,,
T,2019-04-02 02:53:43,30.30931371,78.09456791,5,624.000,,4.890,315,9,18,,
T,2019-04-02 02:53:44,30.30934339,78.09452051,5,625.000,,4.930,317,9,18,,
T,2019-04-02 02:53:45,30.30936075,78.09448678,5,626.000,,4.470,316,8,16,,
T,2019-04-02 02:53:46,30.30938645,78.09444985,5,626.000,,4.090,308,11,18,,
T,2019-04-02 02:53:47,30.30940561,78.09441000,5,625.000,,3.900,307,11,18,,
T,2019-04-02 02:53:48,30.30943643,78.09437664,5,625.000,,3.810,306,13,19,,
T,2019-04-02 02:53:49,30.30946551,78.09436285,5,625.000,,4.210,311,10,16,,
T,2019-04-02 02:53:50,30.30949033,78.09432976,5,625.000,,4.200,315,12,18,,
T,2019-04-02 02:53:51,30.30953120,78.09428571,5,627.000,,4.910,323,12,18,,
T,2019-04-02 02:53:52,30.30956314,78.09424083,5,627.000,,5.190,314,12,18,,
T,2019-04-02 02:53:53,30.30959666,78.09419499,5,627.000,,5.510,310,11,18,,
T,2019-04-02 02:53:54,30.30962773,78.09415645,5,627.000,,5.870,311,9,15,,
T,2019-04-02 02:53:55,30.30966296,78.09410675,5,628.000,,5.930,309,10,19,,
T,2019-04-02 02:53:56,30.30969638,78.09405589,5,627.000,,5.810,313,11,17,,
T,2019-04-02 02:53:57,30.30973594,78.09401069,5,628.000,,5.980,309,11,17,,
T,2019-04-02 02:53:58,30.30977307,78.09396458,5,627.000,,6.320,306,9,16,,
T,2019-04-02 02:53:59,30.30980959,78.09390681,5,628.000,,6.550,308,11,18,,
T,2019-04-02 02:54:00,30.30984582,78.09385295,5,628.000,,6.550,308,10,17,,
T,2019-04-02 02:54:01,30.30988461,78.09380666,5,627.000,,5.870,309,10,17,,
T,2019-04-02 02:54:02,30.30990608,78.09375639,5,628.000,,5.680,303,11,18,,
T,2019-04-02 02:54:03,30.30991974,78.09369938,5,628.000,,5.840,301,13,18,,
T,2019-04-02 02:54:04,30.30995191,78.09364046,5,626.000,,5.900,303,11,17,,
T,2019-04-02 02:54:05,30.30998056,78.09358867,5,626.000,,5.900,303,11,17,,
T,2019-04-02 02:54:06,30.31001609,78.09353670,5,627.000,,5.740,304,12,19,,
T,2019-04-02 02:54:07,30.31004533,78.09348736,5,627.000,,5.740,304,12,19,,
T,2019-04-02 02:54:08,30.31005010,78.09343905,5,626.000,,4.840,299,12,18,,
