type,time,latitude,longitude,accuracy (m),altitude (m),geoid_height (m),speed (m/s),bearing (deg),sat_used,sat_inview,name,desc
T,2019-03-26 02:42:17,30.29250392,78.10388016,6,600.000,,2.120,61,24,34,20190326-081217,GPS Logger: 20190326-081217
T,2019-03-26 02:42:18,30.29249811,78.10389321,5,602.000,,2.670,78,24,34,,
T,2019-03-26 02:42:19,30.29249773,78.10392762,5,607.000,,2.230,82,23,34,,
T,2019-03-26 02:42:20,30.29249086,78.10394933,5,609.000,,2.120,87,24,34,,
T,2019-03-26 02:42:21,30.29247560,78.10399675,5,605.000,,3.020,103,25,34,,
T,2019-03-26 02:42:22,30.29244599,78.10402703,5,605.000,,4.110,132,25,34,,
T,2019-03-26 02:42:23,30.29240242,78.10406384,5,606.000,,5.320,139,25,34,,
T,2019-03-26 02:42:24,30.29235334,78.10409872,5,605.000,,6.030,146,25,35,,
T,2019-03-26 02:42:25,30.29230749,78.10413898,5,604.000,,6.390,142,26,35,,
T,2019-03-26 02:42:26,30.29225845,78.10417106,5,604.000,,6.840,145,26,35,,
T,2019-03-26 02:42:27,30.29220146,78.10420624,5,604.000,,7.090,146,26,35,,
T,2019-03-26 02:42:28,30.29215397,78.10425393,5,604.000,,6.560,143,26,35,,
T,2019-03-26 02:42:29,30.29211168,78.10428911,5,604.000,,5.530,142,12,21,,
T,2019-03-26 02:42:30,30.29207484,78.10431255,5,603.000,,5.050,140,12,21,,
T,2019-03-26 02:42:31,30.29204825,78.10434194,5,604.000,,3.780,132,13,21,,
T,2019-03-26 02:42:32,30.29202556,78.10436895,5,604.000,,3.200,130,13,21,,
T,2019-03-26 02:42:33,30.29201555,78.10439027,5,604.000,,2.360,128,13,21,,
T,2019-03-26 02:42:34,30.29200398,78.10441610,5,605.000,,2.400,126,10,17,,
T,2019-03-26 02:42:35,30.29198253,78.10443421,5,605.000,,2.910,144,10,20,,
T,2019-03-26 02:42:36,30.29196041,78.10442839,5,606.000,,3.870,172,15,21,,
T,2019-03-26 02:42:37,30.29191433,78.10438930,5,604.000,,5.700,202,11,18,,
T,2019-03-26 02:42:38,30.29186238,78.10437900,5,606.000,,6.160,207,11,19,,
T,2019-03-26 02:42:39,30.29182449,78.10432792,5,605.000,,6.170,228,11,19,,
T,2019-03-26 02:42:40,30.29178799,78.10429164,5,606.000,,6.000,230,12,20,,
T,2019-03-26 02:42:41,30.29175454,78.10424635,5,606.000,,5.920,233,13,20,,
T,2019-03-26 02:42:42,30.29172500,78.10420037,5,606.000,,5.880,233,12,20,,
T,2019-03-26 02:42:43,30.29169345,78.10414798,5,606.000,,5.890,234,14,21,,
T,2019-03-26 02:42:44,30.29165867,78.10409143,5,606.000,,5.940,234,15,21,,
T,2019-03-26 02:42:45,30.29162802,78.10404751,5,606.000,,5.650,234,15,21,,
T,2019-03-26 02:42:46,30.29159725,78.10400979,5,607.000,,5.090,230,13,21,,
T,2019-03-26 02:42:47,30.29156537,78.10397137,5,607.000,,4.660,221,13,21,,
T,2019-03-26 02:42:48,30.29153339,78.10395296,5,607.000,,4.410,204,11,19,,
T,2019-03-26 02:42:49,30.29149170,78.10394881,5,608.000,,4.670,173,12,20,,
T,2019-03-26 02:42:50,30.29145923,78.10396365,5,609.000,,4.830,149,12,20,,
T,2019-03-26 02:42:51,30.29142478,78.10399366,5,609.000,,5.760,144,15,20,,
T,2019-03-26 02:42:52,30.29137261,78.10402535,5,608.000,,6.800,142,15,19,,
T,2019-03-26 02:42:53,30.29132274,78.10407423,5,608.000,,7.680,140,14,20,,
T,2019-03-26 02:42:54,30.29126553,78.10412930,5,607.000,,8.530,138,14,20,,
T,2019-03-26 02:42:55,30.29120905,78.10418324,5,607.000,,7.760,138,14,20,,
T,2019-03-26 02:42:56,30.29116658,78.10423099,5,607.000,,6.430,141,13,18,,
T,2019-03-26 02:42:57,30.29112633,78.10424456,5,606.000,,5.130,175,13,20,,
T,2019-03-26 02:42:58,30.29108119,78.10422720,5,606.000,,5.050,208,15,21,,
T,2019-03-26 02:42:59,30.29104809,78.10419430,5,606.000,,5.460,230,15,21,,
T,2019-03-26 02:43:00,30.29101907,78.10414558,5,606.000,,5.870,236,10,16,,
T,2019-03-26 02:43:01,30.29098667,78.10409408,5,605.000,,6.600,235,12,20,,
T,2019-03-26 02:43:02,30.29094269,78.10403863,5,605.000,,7.680,231,10,19,,
T,2019-03-26 02:43:03,30.29089155,78.10397354,5,605.000,,8.200,229,11,20,,
T,2019-03-26 02:43:04,30.29084567,78.10392602,5,604.000,,7.400,230,13,21,,
T,2019-03-26 02:43:05,30.29081086,78.10386913,5,604.000,,6.600,230,11,18,,
T,2019-03-26 02:43:06,30.29077075,78.10381251,5,602.000,,6.230,230,12,20,,
T,2019-03-26 02:43:07,30.29073732,78.10375260,5,602.000,,6.150,243,14,21,,
T,2019-03-26 02:43:08,30.29073550,78.10369034,5,602.000,,5.650,281,14,21,,
T,2019-03-26 02:43:09,30.29075418,78.10363487,5,602.000,,5.950,309,11,18,,
T,2019-03-26 02:43:10,30.29078902,78.10358979,5,602.000,,5.510,310,12,18,,
T,2019-03-26 02:43:11,30.29082588,78.10355747,5,602.000,,5.350,327,14,19,,
T,2019-03-26 02:43:12,30.29085408,78.10351420,5,601.000,,4.660,320,13,19,,
T,2019-03-26 02:43:13,30.29088474,78.10348256,5,601.000,,4.010,302,15,20,,
T,2019-03-26 02:43:14,30.29089770,78.10345934,5,600.000,,1.960,290,15,20,,
T,2019-03-26 02:43:15,30.29089755,78.10343581,5,601.000,,2.330,272,11,16,,
T,2019-03-26 02:43:16,30.29088195,78.10340453,5,601.000,,3.270,240,14,21,,
T,2019-03-26 02:43:17,30.29086181,78.10337564,5,602.000,,4.230,232,12,19,,
T,2019-03-26 02:43:18,30.29083847,78.10334130,5,602.000,,5.190,232,10,19,,
T,2019-03-26 02:43:19,30.29080830,78.10329969,5,602.000,,6.450,232,11,20,,
T,2019-03-26 02:43:20,30.29077255,78.10323972,5,601.000,,7.460,234,11,20,,
T,2019-03-26 02:43:21,30.29072758,78.10316288,5,600.000,,8.260,233,11,20,,
T,2019-03-26 02:43:22,30.29067813,78.10309526,5,600.000,,8.400,231,11,20,,
T,2019-03-26 02:43:23,30.29062993,78.10302779,5,600.000,,8.400,229,11,19,,
T,2019-03-26 02:43:24,30.29060975,78.10300154,5,599.000,,5.030,229,12,21,,
T,2019-03-26 02:43:25,30.29058190,78.10296880,5,600.000,,3.650,239,12,21,,
T,2019-03-26 02:43:26,30.29057180,78.10294043,5,601.000,,2.940,242,11,20,,
T,2019-03-26 02:43:27,30.29056059,78.10291151,5,601.000,,3.080,250,9,19,,
T,2019-03-26 02:43:28,30.29055489,78.10287951,5,601.000,,3.620,260,10,19,,
T,2019-03-26 02:43:29,30.29056726,78.10284521,5,602.000,,3.830,284,10,19,,
T,2019-03-26 02:43:30,30.29059002,78.10280684,5,602.000,,4.590,305,13,19,,
T,2019-03-26 02:43:31,30.29062158,78.10276782,5,601.000,,5.360,314,13,19,,
T,2019-03-26 02:43:32,30.29065869,78.10271939,5,602.000,,6.080,314,12,18,,
T,2019-03-26 02:43:33,30.29069706,78.10266697,5,603.000,,7.240,319,11,19,,
T,2019-03-26 02:43:34,30.29073718,78.10261997,5,603.000,,7.030,322,15,21,,
T,2019-03-26 02:43:35,30.29078162,78.10259487,5,603.000,,4.860,324,14,19,,
T,2019-03-26 02:43:36,30.29081013,78.10257202,5,603.000,,2.340,323,14,19,,
T,2019-03-26 02:43:37,30.29082124,78.10255866,5,603.000,,1.300,324,12,18,,
T,2019-03-26 02:43:38,30.29083482,78.10255357,5,603.000,,1.060,324,12,20,,
T,2019-03-26 02:43:39,30.29084294,78.10254692,5,603.000,,0.990,324,11,19,,
T,2019-03-26 02:43:40,30.29084804,78.10254032,5,605.000,,0.830,324,13,21,,
T,2019-03-26 02:43:41,30.29085213,78.10253410,5,605.000,,0.840,323,13,19,,
T,2019-03-26 02:43:42,30.29086158,78.10252640,5,605.000,,1.420,323,12,19,,
T,2019-03-26 02:43:43,30.29088073,78.10251291,5,605.000,,2.620,322,12,19,,
T,2019-03-26 02:43:44,30.29090346,78.10249250,5,605.000,,3.690,322,12,19,,
T,2019-03-26 02:43:45,30.29093513,78.10246157,5,605.000,,4.940,323,12,19,,
T,2019-03-26 02:43:46,30.29097098,78.10242750,5,606.000,,6.210,322,12,19,,
T,2019-03-26 02:43:47,30.29101933,78.10238415,5,606.000,,7.210,317,13,20,,
T,2019-03-26 02:43:48,30.29107261,78.10232212,5,606.000,,8.680,313,13,20,,
T,2019-03-26 02:43:49,30.29113723,78.10226080,5,607.000,,9.850,321,14,19,,
T,2019-03-26 02:43:50,30.29121056,78.10219390,5,607.000,,10.520,322,14,19,,
T,2019-03-26 02:43:51,30.29128645,78.10212291,5,607.000,,10.730,323,14,20,,
T,2019-03-26 02:43:52,30.29136115,78.10205019,5,606.000,,10.560,323,13,19,,
T,2019-03-26 02:43:53,30.29144115,78.10199198,5,606.000,,10.290,323,13,19,,
T,2019-03-26 02:43:54,30.29151047,78.10192593,5,605.000,,10.200,323,16,20,,
T,2019-03-26 02:43:55,30.29158366,78.10185597,5,606.000,,10.690,323,14,19,,
T,2019-03-26 02:43:56,30.29165571,78.10179722,5,605.000,,10.920,322,12,17,,
T,2019-03-26 02:43:57,30.29173878,78.10172451,5,605.000,,11.360,322,12,17,,
T,2019-03-26 02:43:58,30.29182663,78.10165022,5,605.000,,11.810,322,14,20,,
T,2019-03-26 02:43:59,30.29191247,78.10157237,5,605.000,,12.370,322,12,17,,
T,2019-03-26 02:44:00,30.29199584,78.10148274,5,605.000,,13.010,321,12,21,,
T,2019-03-26 02:44:01,30.29209041,78.10139398,5,605.000,,13.580,321,12,21,,
T,2019-03-26 02:44:02,30.29218540,78.10130026,5,605.000,,13.980,321,13,20,,
T,2019-03-26 02:44:03,30.29228487,78.10120178,5,604.000,,14.340,320,13,20,,
T,2019-03-26 02:44:04,30.29238928,78.10111155,5,605.000,,14.790,322,10,18,,
T,2019-03-26 02:44:05,30.29249726,78.10102633,5,604.000,,14.990,322,14,21,,
T,2019-03-26 02:44:06,30.29260651,78.10091935,5,604.000,,14.840,322,13,20,,
T,2019-03-26 02:44:07,30.29270790,78.10082292,5,604.000,,14.080,322,14,20,,
T,2019-03-26 02:44:08,30.29280865,78.10073081,5,604.000,,13.130,322,12,19,,
T,2019-03-26 02:44:09,30.29289377,78.10064026,5,603.000,,12.380,322,12,20,,
T,2019-03-26 02:44:10,30.29297800,78.10056782,5,603.000,,11.770,321,12,20,,
T,2019-03-26 02:44:11,30.29306983,78.10048674,5,603.000,,11.920,321,14,21,,
T,2019-03-26 02:44:12,30.29315475,78.10040228,5,603.000,,12.440,321,14,20,,
T,2019-03-26 02:44:12,30.29320708,78.10035239,5,603.000,,12.870,321,13,20,,
T,2019-03-26 02:44:14,30.29333997,78.10023837,5,603.000,,13.500,321,7,32,,
T,2019-03-26 02:44:15,30.29343792,78.10014777,5,603.000,,14.000,322,16,32,,
T,2019-03-26 02:44:16,30.29352996,78.10004685,5,603.000,,14.130,321,17,32,,
T,2019-03-26 02:44:17,30.29363571,78.09995112,5,604.000,,14.460,322,21,33,,
T,2019-03-26 02:44:18,30.29373943,78.09985589,5,603.000,,14.600,322,21,33,,
T,2019-03-26 02:44:19,30.29384553,78.09975670,5,603.000,,14.810,321,23,33,,
T,2019-03-26 02:44:20,30.29394462,78.09965326,5,603.000,,15.000,319,23,33,,
T,2019-03-26 02:44:21,30.29404306,78.09956244,5,604.000,,13.750,319,24,33,,
T,2019-03-26 02:44:22,30.29413094,78.09949888,5,603.000,,11.600,328,25,33,,
T,2019-03-26 02:44:23,30.29421536,78.09944606,5,603.000,,9.450,338,17,19,,
T,2019-03-26 02:44:24,30.29429207,78.09941854,5,603.000,,8.060,340,12,17,,
T,2019-03-26 02:44:25,30.29434330,78.09941179,5,603.000,,5.820,347,14,20,,
T,2019-03-26 02:44:26,30.29439443,78.09939778,5,603.000,,5.820,347,14,20,,
T,2019-03-26 02:44:27,30.29444832,78.09938974,5,602.000,,6.230,349,9,14,,
T,2019-03-26 02:44:28,30.29450865,78.09937198,5,601.000,,7.350,349,11,18,,
T,2019-03-26 02:44:29,30.29457824,78.09936441,5,601.000,,8.220,349,11,18,,
T,2019-03-26 02:44:30,30.29465114,78.09934832,5,601.000,,8.220,349,13,19,,
T,2019-03-26 02:44:31,30.29473933,78.09931792,5,600.000,,10.120,347,12,17,,
T,2019-03-26 02:44:32,30.29483488,78.09929211,5,600.000,,11.280,348,12,17,,
T,2019-03-26 02:44:33,30.29493462,78.09926883,5,601.000,,11.280,351,11,17,,
T,2019-03-26 02:44:34,30.29504373,78.09922993,5,599.000,,12.990,351,10,16,,
T,2019-03-26 02:44:35,30.29516442,78.09920770,5,599.000,,14.010,348,10,18,,
T,2019-03-26 02:44:36,30.29528718,78.09918300,5,598.000,,14.610,353,9,16,,
T,2019-03-26 02:44:36,30.29536828,78.09916758,5,598.000,,15.020,349,9,16,,
T,2019-03-26 02:44:39,30.29570204,78.09908574,5,598.000,,16.100,346,16,33,,
T,2019-03-26 02:44:40,30.29584747,78.09904634,5,598.000,,16.260,346,16,33,,
T,2019-03-26 02:44:41,30.29598798,78.09900402,5,598.000,,15.830,346,18,33,,
T,2019-03-26 02:44:42,30.29612108,78.09897833,5,598.000,,15.010,350,22,33,,
T,2019-03-26 02:44:43,30.29624966,78.09895624,5,598.000,,14.370,350,22,33,,
T,2019-03-26 02:44:44,30.29636789,78.09893008,5,598.000,,13.300,349,24,33,,
T,2019-03-26 02:44:45,30.29646449,78.09890265,5,597.000,,11.290,346,26,33,,
T,2019-03-26 02:44:46,30.29655503,78.09888085,5,597.000,,10.310,347,26,33,,
T,2019-03-26 02:44:47,30.29663872,78.09886019,5,597.000,,9.720,348,13,18,,
T,2019-03-26 02:44:48,30.29672434,78.09884030,5,596.000,,10.470,349,13,18,,
T,2019-03-26 02:44:49,30.29682295,78.09882110,5,597.000,,11.210,350,12,19,,
T,2019-03-26 02:44:50,30.29691854,78.09879638,5,597.000,,11.580,351,12,19,,
T,2019-03-26 02:44:51,30.29702025,78.09877604,5,596.000,,10.800,351,12,19,,
T,2019-03-26 02:44:52,30.29711711,78.09875823,5,597.000,,10.070,350,11,19,,
T,2019-03-26 02:44:53,30.29720244,78.09874177,5,597.000,,9.550,349,10,18,,
T,2019-03-26 02:44:54,30.29728053,78.09872673,5,597.000,,8.420,350,10,18,,
T,2019-03-26 02:44:55,30.29734822,78.09871388,5,598.000,,6.750,351,12,20,,
T,2019-03-26 02:44:56,30.29740799,78.09870508,5,598.000,,6.390,352,13,20,,
T,2019-03-26 02:44:57,30.29746573,78.09868956,5,598.000,,6.790,354,12,18,,
T,2019-03-26 02:44:58,30.29753344,78.09868056,5,598.000,,7.670,353,12,18,,
T,2019-03-26 02:44:59,30.29760543,78.09867189,5,599.000,,8.480,354,12,19,,
T,2019-03-26 02:45:00,30.29767803,78.09866220,5,599.000,,8.960,357,13,17,,
T,2019-03-26 02:45:01,30.29775659,78.09864693,5,600.000,,9.470,350,12,17,,
T,2019-03-26 02:45:02,30.29784167,78.09862502,5,600.000,,8.820,345,12,17,,
T,2019-03-26 02:45:03,30.29791634,78.09860317,5,600.000,,7.590,350,14,18,,
T,2019-03-26 02:45:04,30.29798323,78.09858580,5,601.000,,7.060,346,14,18,,
T,2019-03-26 02:45:05,30.29804259,78.09856957,5,600.000,,7.500,359,13,18,,
T,2019-03-26 02:45:06,30.29810835,78.09856246,5,600.000,,7.890,354,10,15,,
T,2019-03-26 02:45:07,30.29818537,78.09855801,5,600.000,,8.790,355,14,19,,
T,2019-03-26 02:45:08,30.29826652,78.09854888,5,600.000,,8.750,358,14,18,,
T,2019-03-26 02:45:09,30.29834904,78.09854834,5,600.000,,9.200,6,11,16,,
T,2019-03-26 02:45:10,30.29843150,78.09853830,5,601.000,,9.860,360,10,17,,
T,2019-03-26 02:45:11,30.29851259,78.09853471,5,602.000,,10.500,356,14,19,,
T,2019-03-26 02:45:12,30.29862009,78.09851785,5,602.000,,11.610,351,14,19,,
T,2019-03-26 02:45:13,30.29872277,78.09849238,5,601.000,,12.120,349,11,16,,
T,2019-03-26 02:45:14,30.29883263,78.09846686,5,601.000,,12.420,349,11,16,,
T,2019-03-26 02:45:15,30.29895014,78.09844270,5,601.000,,12.840,350,11,18,,
T,2019-03-26 02:45:16,30.29906626,78.09842311,5,601.000,,13.280,350,11,17,,
T,2019-03-26 02:45:17,30.29918999,78.09839124,5,601.000,,13.630,349,11,17,,
T,2019-03-26 02:45:18,30.29931281,78.09835707,5,601.000,,13.700,348,13,17,,
T,2019-03-26 02:45:18,30.29938435,78.09834509,5,602.000,,13.940,349,10,15,,
T,2019-03-26 02:45:21,30.29967992,78.09827647,5,602.000,,14.430,351,16,33,,
T,2019-03-26 02:45:22,30.29980622,78.09826086,5,602.000,,13.950,352,16,33,,
T,2019-03-26 02:45:23,30.29993099,78.09824732,5,603.000,,13.360,353,16,32,,
T,2019-03-26 02:45:24,30.30005270,78.09822935,5,603.000,,13.060,351,22,32,,
T,2019-03-26 02:45:25,30.30016126,78.09821289,5,604.000,,12.080,351,24,32,,
T,2019-03-26 02:45:26,30.30026683,78.09819051,5,604.000,,12.210,350,26,32,,
T,2019-03-26 02:45:27,30.30037852,78.09816466,5,604.000,,12.890,350,26,32,,
T,2019-03-26 02:45:28,30.30049999,78.09813649,5,604.000,,13.610,349,26,32,,
T,2019-03-26 02:45:29,30.30062405,78.09810900,5,604.000,,13.890,350,24,33,,
T,2019-03-26 02:45:30,30.30073715,78.09809314,5,603.000,,11.930,352,24,33,,
T,2019-03-26 02:45:31,30.30082808,78.09807706,5,603.000,,10.290,352,17,20,,
T,2019-03-26 02:45:32,30.30091905,78.09806568,5,603.000,,9.650,351,13,19,,
T,2019-03-26 02:45:33,30.30100136,78.09805178,5,604.000,,9.230,352,11,18,,
T,2019-03-26 02:45:34,30.30109562,78.09803738,5,603.000,,9.410,352,10,19,,
T,2019-03-26 02:45:35,30.30117877,78.09802188,5,603.000,,9.810,353,12,20,,
T,2019-03-26 02:45:36,30.30126808,78.09801644,5,603.000,,10.310,354,12,19,,
T,2019-03-26 02:45:37,30.30136925,78.09801374,5,603.000,,10.820,357,14,19,,
T,2019-03-26 02:45:38,30.30146561,78.09800886,5,603.000,,11.260,357,11,17,,
T,2019-03-26 02:45:39,30.30157338,78.09800426,5,604.000,,11.810,358,12,18,,
T,2019-03-26 02:45:40,30.30168646,78.09800186,5,605.000,,12.340,2,9,16,,
T,2019-03-26 02:45:41,30.30177764,78.09799957,5,604.000,,9.950,358,10,19,,
T,2019-03-26 02:45:42,30.30186259,78.09799488,5,605.000,,8.300,357,13,20,,
T,2019-03-26 02:45:43,30.30194005,78.09798647,5,606.000,,8.620,5,13,20,,
T,2019-03-26 02:45:44,30.30199805,78.09798856,5,605.000,,7.410,4,12,17,,
T,2019-03-26 02:45:45,30.30205758,78.09800103,5,607.000,,7.450,5,12,19,,
T,2019-03-26 02:45:46,30.30212496,78.09800797,5,607.000,,7.660,7,13,19,,
T,2019-03-26 02:45:47,30.30220486,78.09800678,5,607.000,,7.990,2,14,19,,
T,2019-03-26 02:45:48,30.30227442,78.09800115,5,607.000,,7.240,359,13,19,,
T,2019-03-26 02:45:49,30.30233707,78.09800759,5,607.000,,5.980,6,11,17,,
T,2019-03-26 02:45:50,30.30236353,78.09800394,6,607.000,,4.440,6,11,17,,
T,2019-03-26 02:45:51,30.30240156,78.09800635,5,606.000,,3.430,3,12,18,,
T,2019-03-26 02:45:52,30.30243622,78.09800341,5,606.000,,3.880,2,14,19,,
T,2019-03-26 02:45:53,30.30247650,78.09800779,6,606.000,,4.780,8,10,16,,
T,2019-03-26 02:45:54,30.30252609,78.09801074,5,606.000,,5.260,3,10,16,,
T,2019-03-26 02:45:55,30.30257246,78.09801421,6,606.000,,5.220,8,11,19,,
T,2019-03-26 02:45:56,30.30264153,78.09801321,6,607.000,,6.560,8,11,19,,
T,2019-03-26 02:45:57,30.30270876,78.09801900,6,607.000,,7.510,2,11,18,,
T,2019-03-26 02:45:58,30.30277591,78.09802119,5,607.000,,8.260,1,11,18,,
T,2019-03-26 02:45:59,30.30285417,78.09802029,5,608.000,,8.120,6,11,19,,
T,2019-03-26 02:46:00,30.30291764,78.09801230,5,608.000,,7.250,4,10,18,,
T,2019-03-26 02:46:01,30.30297215,78.09801456,5,607.000,,6.620,9,17,33,,
T,2019-03-26 02:46:02,30.30303106,78.09802192,5,607.000,,6.530,14,16,34,,
T,2019-03-26 02:46:03,30.30309214,78.09803340,5,607.000,,6.860,13,23,35,,
T,2019-03-26 02:46:04,30.30314147,78.09803763,5,607.000,,5.660,8,23,35,,
T,2019-03-26 02:46:05,30.30317649,78.09803401,5,606.000,,4.120,360,24,35,,
T,2019-03-26 02:46:06,30.30320207,78.09801571,5,606.000,,3.670,340,25,35,,
T,2019-03-26 02:46:07,30.30322391,78.09800089,5,606.000,,3.070,322,25,35,,
T,2019-03-26 02:46:08,30.30323307,78.09798730,5,606.000,,1.890,307,25,34,,
T,2019-03-26 02:46:09,30.30323792,78.09797901,5,606.000,,1.690,304,25,34,,
T,2019-03-26 02:46:10,30.30325550,78.09795757,5,606.000,,2.580,318,25,34,,
T,2019-03-26 02:46:11,30.30328703,78.09792774,5,606.000,,4.140,333,25,34,,
T,2019-03-26 02:46:12,30.30332965,78.09789517,5,605.000,,5.360,341,25,34,,
T,2019-03-26 02:46:13,30.30337596,78.09787883,5,605.000,,5.740,350,25,34,,
T,2019-03-26 02:46:14,30.30341783,78.09787269,5,604.000,,4.730,355,24,34,,
T,2019-03-26 02:46:15,30.30344544,78.09786378,5,606.000,,2.910,352,16,21,,
T,2019-03-26 02:46:16,30.30347058,78.09785510,5,605.000,,3.200,349,14,21,,
T,2019-03-26 02:46:17,30.30350137,78.09784295,5,605.000,,2.930,346,14,21,,
T,2019-03-26 02:46:18,30.30352278,78.09782800,5,605.000,,2.570,346,12,19,,
T,2019-03-26 02:46:19,30.30354039,78.09781550,5,605.000,,2.290,342,15,21,,
T,2019-03-26 02:46:20,30.30355839,78.09780103,5,605.000,,2.550,336,12,16,,
T,2019-03-26 02:46:21,30.30357496,78.09778988,5,605.000,,2.350,336,14,20,,
T,2019-03-26 02:46:22,30.30359263,78.09777622,5,605.000,,2.360,325,14,20,,
T,2019-03-26 02:46:23,30.30360311,78.09774221,5,605.000,,3.380,307,14,20,,
T,2019-03-26 02:46:24,30.30361480,78.09770300,5,605.000,,4.520,295,11,18,,
T,2019-03-26 02:46:25,30.30362569,78.09765185,5,606.000,,5.090,292,11,18,,
T,2019-03-26 02:46:26,30.30364323,78.09760309,5,606.000,,5.060,305,12,20,,
T,2019-03-26 02:46:27,30.30366297,78.09755641,5,606.000,,5.420,299,12,20,,
T,2019-03-26 02:46:28,30.30366870,78.09752092,5,606.000,,4.240,287,10,17,,
T,2019-03-26 02:46:29,30.30367176,78.09746026,5,606.000,,6.060,271,10,17,,
T,2019-03-26 02:46:30,30.30367257,78.09739698,5,606.000,,6.070,272,11,19,,
T,2019-03-26 02:46:31,30.30365857,78.09733222,5,605.000,,5.620,274,10,18,,
T,2019-03-26 02:46:32,30.30367180,78.09728550,5,605.000,,4.290,280,10,18,,
T,2019-03-26 02:46:33,30.30368057,78.09723748,5,605.000,,4.420,284,8,17,,
T,2019-03-26 02:46:34,30.30369991,78.09718287,5,606.000,,5.510,294,10,18,,
T,2019-03-26 02:46:35,30.30370932,78.09712679,5,605.000,,6.240,297,12,20,,
T,2019-03-26 02:46:36,30.30374774,78.09707301,5,605.000,,6.650,319,12,20,,
T,2019-03-26 02:46:37,30.30378765,78.09703395,5,605.000,,6.090,317,11,16,,
T,2019-03-26 02:46:38,30.30383219,78.09700242,5,605.000,,5.310,336,10,16,,
T,2019-03-26 02:46:39,30.30389024,78.09698408,5,605.000,,5.920,341,11,17,,
T,2019-03-26 02:46:40,30.30394065,78.09696373,6,606.000,,5.920,341,11,17,,
T,2019-03-26 02:46:41,30.30401694,78.09695577,6,603.000,,7.870,346,11,17,,
T,2019-03-26 02:46:42,30.30411275,78.09693629,5,604.000,,8.390,346,10,18,,
T,2019-03-26 02:46:42,30.30415375,78.09691865,5,603.000,,7.950,341,8,16,,
T,2019-03-26 02:46:44,30.30424836,78.09687198,5,603.000,,7.120,336,12,32,,
T,2019-03-26 02:46:45,30.30429235,78.09683079,5,605.000,,6.290,328,18,32,,
T,2019-03-26 02:46:46,30.30432431,78.09679412,5,604.000,,5.210,318,18,32,,
T,2019-03-26 02:46:47,30.30434859,78.09675838,5,604.000,,4.020,311,18,32,,
T,2019-03-26 02:46:48,30.30435865,78.09673406,5,604.000,,2.420,309,24,33,,
T,2019-03-26 02:46:49,30.30437032,78.09671475,5,605.000,,2.190,317,24,34,,
T,2019-03-26 02:46:50,30.30437958,78.09670991,5,607.000,,0.980,317,24,35,,
T,2019-03-26 02:46:51,30.30437337,78.09670608,5,606.000,,0.000,,24,35,,
T,2019-03-26 02:46:52,30.30436944,78.09670602,5,606.000,,0.000,,16,21,,
T,2019-03-26 02:46:53,30.30437015,78.09670806,5,606.000,,0.000,,11,17,,
T,2019-03-26 02:46:54,30.30437018,78.09670762,5,606.000,,0.000,,13,21,,
T,2019-03-26 02:46:54,30.30437084,78.09670953,5,606.000,,0.000,,13,20,,
T,2019-03-26 02:46:57,30.30437514,78.09670976,5,607.000,,0.190,316,17,32,,
T,2019-03-26 02:46:58,30.30437579,78.09670627,5,606.000,,0.420,316,17,33,,
T,2019-03-26 02:46:59,30.30438314,78.09669441,5,606.000,,1.530,316,17,33,,
T,2019-03-26 02:47:00,30.30439522,78.09667902,5,606.000,,2.070,316,23,33,,
T,2019-03-26 02:47:01,30.30440982,78.09666352,5,606.000,,2.210,317,23,33,,
T,2019-03-26 02:47:02,30.30443115,78.09664024,5,606.000,,3.260,318,23,33,,
T,2019-03-26 02:47:03,30.30445946,78.09660594,5,606.000,,4.780,315,23,33,,
T,2019-03-26 02:47:04,30.30448831,78.09656163,5,606.000,,4.790,312,16,20,,
T,2019-03-26 02:47:05,30.30451179,78.09651061,5,608.000,,4.010,305,16,20,,
T,2019-03-26 02:47:06,30.30453118,78.09647921,5,607.000,,3.520,305,9,20,,
T,2019-03-26 02:47:06,30.30454386,78.09646387,5,607.000,,3.600,307,10,19,,
T,2019-03-26 02:47:08,30.30457227,78.09641551,5,608.000,,4.130,305,4,32,,
T,2019-03-26 02:47:09,30.30459662,78.09638106,5,608.000,,4.160,306,14,32,,
T,2019-03-26 02:47:10,30.30461919,78.09634969,5,608.000,,3.680,306,21,32,,
T,2019-03-26 02:47:11,30.30463969,78.09631712,5,607.000,,3.680,304,21,32,,
T,2019-03-26 02:47:12,30.30465963,78.09628398,5,608.000,,3.770,305,21,32,,
T,2019-03-26 02:47:13,30.30468262,78.09624465,5,608.000,,4.380,304,21,32,,
T,2019-03-26 02:47:14,30.30470429,78.09620913,5,608.000,,4.030,304,21,32,,
T,2019-03-26 02:47:15,30.30472231,78.09617250,5,608.000,,4.050,298,22,32,,
T,2019-03-26 02:47:16,30.30473538,78.09612649,5,608.000,,4.630,288,22,32,,
T,2019-03-26 02:47:17,30.30474642,78.09607506,5,609.000,,5.490,289,22,32,,
T,2019-03-26 02:47:18,30.30476239,78.09602102,5,609.000,,5.490,289,14,17,,
T,2019-03-26 02:47:18,30.30478364,78.09598852,5,608.000,,5.240,296,14,17,,
T,2019-03-26 02:47:20,30.30482281,78.09593986,5,608.000,,4.250,310,7,32,,
T,2019-03-26 02:47:21,30.30484441,78.09590030,5,609.000,,3.920,312,12,32,,
T,2019-03-26 02:47:22,30.30487505,78.09588430,5,610.000,,3.750,323,18,32,,
T,2019-03-26 02:47:23,30.30491559,78.09586475,5,610.000,,4.150,337,20,32,,
T,2019-03-26 02:47:24,30.30495228,78.09583917,5,610.000,,4.850,338,20,32,,
T,2019-03-26 02:47:25,30.30500491,78.09581152,5,610.000,,6.010,337,25,32,,
T,2019-03-26 02:47:26,30.30505573,78.09578275,5,611.000,,6.110,337,25,32,,
T,2019-03-26 02:47:27,30.30509836,78.09576116,5,612.000,,5.460,338,25,33,,
T,2019-03-26 02:47:28,30.30513494,78.09573631,5,611.000,,4.670,345,25,33,,
T,2019-03-26 02:47:29,30.30518441,78.09573261,5,611.000,,5.200,357,16,19,,
T,2019-03-26 02:47:30,30.30523308,78.09573494,5,611.000,,5.870,10,10,17,,
T,2019-03-26 02:47:31,30.30528577,78.09575440,5,612.000,,6.490,18,13,19,,
T,2019-03-26 02:47:32,30.30534705,78.09577877,5,612.000,,6.740,19,14,19,,
T,2019-03-26 02:47:33,30.30540582,78.09580177,5,612.000,,6.400,20,12,17,,
T,2019-03-26 02:47:34,30.30547055,78.09580857,5,613.000,,5.300,7,11,18,,
T,2019-03-26 02:47:35,30.30549354,78.09580034,5,614.000,,4.310,358,11,17,,
T,2019-03-26 02:47:36,30.30553543,78.09578380,5,614.000,,5.070,341,11,17,,
T,2019-03-26 02:47:37,30.30558127,78.09575812,5,614.000,,6.210,321,11,17,,
T,2019-03-26 02:47:37,30.30560722,78.09573330,5,614.000,,6.490,314,11,17,,
T,2019-03-26 02:47:39,30.30564310,78.09565066,5,613.000,,6.250,294,16,33,,
T,2019-03-26 02:47:40,30.30566157,78.09558937,5,613.000,,6.230,289,16,33,,
T,2019-03-26 02:47:41,30.30567947,78.09551779,5,612.000,,6.570,287,15,33,,
T,2019-03-26 02:47:42,30.30570525,78.09546148,5,612.000,,6.180,297,20,33,,
T,2019-03-26 02:47:43,30.30575640,78.09543708,5,611.000,,6.050,319,22,33,,
T,2019-03-26 02:47:44,30.30579324,78.09539290,5,611.000,,6.040,322,23,33,,
T,2019-03-26 02:47:45,30.30584210,78.09537858,5,612.000,,5.820,341,23,33,,
T,2019-03-26 02:47:46,30.30590082,78.09537283,5,612.000,,6.000,349,24,33,,
T,2019-03-26 02:47:47,30.30595999,78.09536092,5,612.000,,6.620,349,24,33,,
T,2019-03-26 02:47:48,30.30601439,78.09534671,5,612.000,,6.270,345,25,33,,
T,2019-03-26 02:47:49,30.30604634,78.09531779,5,611.000,,5.360,329,15,19,,
T,2019-03-26 02:47:50,30.30608590,78.09527974,5,612.000,,5.880,319,15,19,,
T,2019-03-26 02:47:51,30.30612577,78.09523929,5,612.000,,5.880,319,11,20,,
T,2019-03-26 02:47:52,30.30615836,78.09519541,5,611.000,,5.590,313,8,15,,
T,2019-03-26 02:47:53,30.30618932,78.09515663,5,611.000,,5.090,313,13,19,,
T,2019-03-26 02:47:54,30.30622813,78.09511973,5,612.000,,5.400,314,13,19,,
T,2019-03-26 02:47:55,30.30627254,78.09508001,5,611.000,,6.200,319,11,18,,
T,2019-03-26 02:47:56,30.30631865,78.09503193,5,612.000,,6.530,320,10,18,,
T,2019-03-26 02:47:57,30.30636517,78.09499444,5,611.000,,6.290,326,11,19,,
T,2019-03-26 02:47:58,30.30641056,78.09497169,5,609.000,,5.500,339,10,16,,
T,2019-03-26 02:47:59,30.30645425,78.09494757,5,609.000,,4.760,342,10,18,,
T,2019-03-26 02:48:00,30.30649521,78.09493233,5,610.000,,4.760,343,10,18,,
T,2019-03-26 02:48:01,30.30654331,78.09489951,5,608.000,,5.590,337,9,18,,
T,2019-03-26 02:48:02,30.30659952,78.09486768,5,608.000,,6.090,332,8,18,,
T,2019-03-26 02:48:03,30.30664789,78.09483784,6,608.000,,6.080,331,8,18,,
T,2019-03-26 02:48:04,30.30669904,78.09480930,5,607.000,,6.050,331,10,19,,
T,2019-03-26 02:48:05,30.30673858,78.09478144,5,607.000,,5.650,334,10,19,,
T,2019-03-26 02:48:06,30.30678344,78.09475920,5,607.000,,5.690,341,11,18,,
T,2019-03-26 02:48:07,30.30683128,78.09473840,6,607.000,,5.660,348,11,18,,
T,2019-03-26 02:48:08,30.30687778,78.09473778,6,609.000,,5.710,359,11,18,,
T,2019-03-26 02:48:09,30.30692533,78.09474549,6,610.000,,4.920,9,10,18,,
T,2019-03-26 02:48:10,30.30696875,78.09475374,6,610.000,,4.900,8,10,18,,
T,2019-03-26 02:48:11,30.30701877,78.09477271,5,611.000,,5.230,4,11,17,,
T,2019-03-26 02:48:12,30.30706595,78.09477609,6,611.000,,5.220,359,11,17,,
T,2019-03-26 02:48:13,30.30713143,78.09475462,6,612.000,,5.610,352,11,17,,
T,2019-03-26 02:48:14,30.30717789,78.09474243,6,612.000,,5.820,343,13,20,,
T,2019-03-26 02:48:15,30.30723173,78.09471979,6,612.000,,6.030,337,12,18,,
T,2019-03-26 02:48:16,30.30728158,78.09469478,6,612.000,,6.020,333,9,17,,
T,2019-03-26 02:48:17,30.30732430,78.09465724,5,612.000,,6.010,326,9,17,,
T,2019-03-26 02:48:18,30.30736334,78.09461909,5,611.000,,5.540,321,10,18,,
T,2019-03-26 02:48:19,30.30740231,78.09457657,5,611.000,,5.560,319,10,18,,
T,2019-03-26 02:48:20,30.30744042,78.09453885,5,611.000,,5.560,322,10,19,,
T,2019-03-26 02:48:21,30.30748038,78.09452357,5,611.000,,5.590,332,10,19,,
T,2019-03-26 02:48:22,30.30753107,78.09451161,5,612.000,,5.940,342,10,19,,
T,2019-03-26 02:48:23,30.30758488,78.09451874,6,611.000,,5.670,1,10,18,,
T,2019-03-26 02:48:24,30.30763590,78.09452033,6,611.000,,5.650,11,10,18,,
T,2019-03-26 02:48:25,30.30766904,78.09453013,6,612.000,,4.460,22,10,18,,
T,2019-03-26 02:48:26,30.30770644,78.09454475,9,611.000,,4.390,33,9,18,,
T,2019-03-26 02:48:27,30.30773568,78.09458792,6,611.000,,4.770,47,9,18,,
T,2019-03-26 02:48:28,30.30775826,78.09462401,6,611.000,,4.060,48,11,18,,
T,2019-03-26 02:48:29,30.30778050,78.09465712,6,611.000,,3.920,46,10,16,,
T,2019-03-26 02:48:30,30.30779651,78.09468777,5,611.000,,3.280,52,11,18,,
T,2019-03-26 02:48:31,30.30781419,78.09471513,6,611.000,,3.280,49,12,19,,
T,2019-03-26 02:48:32,30.30785839,78.09475795,5,612.000,,4.230,42,12,19,,
T,2019-03-26 02:48:33,30.30788486,78.09477728,5,613.000,,3.590,31,9,17,,
T,2019-03-26 02:48:34,30.30791879,78.09479436,5,613.000,,3.910,22,10,17,,
T,2019-03-26 02:48:35,30.30795992,78.09479865,5,614.000,,4.450,13,10,19,,
T,2019-03-26 02:48:36,30.30799887,78.09480934,5,614.000,,4.460,6,10,17,,
T,2019-03-26 02:48:37,30.30805455,78.09479560,5,613.000,,5.050,359,10,17,,
T,2019-03-26 02:48:38,30.30811075,78.09479286,5,613.000,,5.970,353,11,18,,
T,2019-03-26 02:48:39,30.30816316,78.09477896,5,613.000,,6.210,341,11,17,,
T,2019-03-26 02:48:40,30.30821421,78.09474870,5,613.000,,5.380,326,12,17,,
T,2019-03-26 02:48:41,30.30825565,78.09471913,5,614.000,,4.400,315,10,16,,
T,2019-03-26 02:48:42,30.30828488,78.09468827,6,614.000,,4.390,312,10,16,,
T,2019-03-26 02:48:43,30.30829853,78.09465594,5,612.000,,4.310,310,10,16,,
T,2019-03-26 02:48:44,30.30833337,78.09461080,5,612.000,,5.020,309,11,19,,
T,2019-03-26 02:48:45,30.30836376,78.09457222,5,612.000,,5.000,308,8,16,,
T,2019-03-26 02:48:46,30.30840345,78.09452299,5,612.000,,5.680,311,8,16,,
T,2019-03-26 02:48:47,30.30842607,78.09448384,6,613.000,,4.150,308,10,18,,
T,2019-03-26 02:48:48,30.30845030,78.09445728,6,613.000,,4.030,322,12,19,,
T,2019-03-26 02:48:49,30.30849061,78.09444467,6,614.000,,4.580,335,12,18,,
T,2019-03-26 02:48:50,30.30852853,78.09442640,6,614.000,,4.560,357,10,15,,
T,2019-03-26 02:48:51,30.30858787,78.09442837,8,615.000,,5.140,11,10,15,,
T,2019-03-26 02:48:52,30.30865193,78.09447342,6,616.000,,6.090,19,8,15,,
T,2019-03-26 02:48:53,30.30868546,78.09449534,6,616.000,,4.180,25,12,31,,
T,2019-03-26 02:48:54,30.30871941,78.09451414,6,616.000,,4.170,38,10,15,,
T,2019-03-26 02:48:55,30.30875272,78.09451525,6,618.000,,3.360,38,11,17,,
T,2019-03-26 02:48:56,30.30877504,78.09453344,5,619.000,,3.320,34,10,17,,
T,2019-03-26 02:48:57,30.30879967,78.09455212,6,619.000,,3.290,34,10,17,,
T,2019-03-26 02:48:58,30.30882204,78.09455877,5,620.000,,2.910,39,8,17,,
T,2019-03-26 02:48:59,30.30884262,78.09457760,6,620.000,,2.910,39,8,17,,
T,2019-03-26 02:49:00,30.30887502,78.09461139,5,621.000,,4.290,43,11,16,,
T,2019-03-26 02:49:01,30.30889728,78.09464543,5,620.000,,5.020,46,12,16,,
T,2019-03-26 02:49:02,30.30892435,78.09468312,5,620.000,,4.580,45,12,16,,
T,2019-03-26 02:49:03,30.30894820,78.09470227,5,618.000,,3.860,43,9,14,,
T,2019-03-26 02:49:04,30.30897378,78.09472979,5,619.000,,3.870,43,9,16,,
T,2019-03-26 02:49:05,30.30899474,78.09474999,5,618.000,,2.940,34,9,12,,
T,2019-03-26 02:49:06,30.30901551,78.09475390,5,619.000,,2.500,15,9,12,,
T,2019-03-26 02:49:07,30.30903605,78.09476057,5,619.000,,2.490,2,15,17,,
T,2019-03-26 02:49:08,30.30905255,78.09475661,5,618.000,,1.900,345,15,17,,
T,2019-03-26 02:49:09,30.30907119,78.09475085,5,619.000,,2.610,335,13,16,,
T,2019-03-26 02:49:10,30.30909350,78.09474164,5,619.000,,2.820,335,12,15,,
T,2019-03-26 02:49:11,30.30911603,78.09472928,5,619.000,,2.820,335,12,15,,
T,2019-03-26 02:49:12,30.30914405,78.09470988,5,619.000,,3.890,331,14,16,,
T,2019-03-26 02:49:13,30.30917536,78.09468245,5,619.000,,4.510,322,14,16,,
T,2019-03-26 02:49:14,30.30921560,78.09464017,5,619.000,,5.930,326,11,16,,
T,2019-03-26 02:49:15,30.30926377,78.09459759,5,618.000,,6.810,323,9,15,,
T,2019-03-26 02:49:16,30.30931866,78.09455556,5,617.000,,7.810,319,9,15,,
T,2019-03-26 02:49:17,30.30936667,78.09449553,5,617.000,,8.750,313,11,18,,
T,2019-03-26 02:49:18,30.30941770,78.09443816,5,617.000,,7.510,309,11,18,,
T,2019-03-26 02:49:19,30.30943770,78.09438005,5,615.000,,6.320,304,11,16,,
T,2019-03-26 02:49:20,30.30946370,78.09435209,5,616.000,,3.250,303,11,16,,
T,2019-03-26 02:49:21,30.30948223,78.09432334,5,617.000,,3.440,312,13,16,,
T,2019-03-26 02:49:22,30.30951298,78.09429605,5,617.000,,4.430,320,12,15,,
T,2019-03-26 02:49:23,30.30954358,78.09426647,5,617.000,,4.420,311,12,15,,
T,2019-03-26 02:49:24,30.30957409,78.09420167,5,617.000,,6.320,308,11,16,,
T,2019-03-26 02:49:25,30.30962596,78.09414364,5,618.000,,7.600,310,13,16,,
T,2019-03-26 02:49:26,30.30967656,78.09407664,5,619.000,,8.460,309,13,16,,
T,2019-03-26 02:49:27,30.30972554,78.09400788,5,620.000,,8.500,309,11,15,,
T,2019-03-26 02:49:28,30.30978440,78.09394039,5,620.000,,8.070,309,13,18,,
T,2019-03-26 02:49:29,30.30983299,78.09387257,5,620.000,,7.980,308,13,18,,
T,2019-03-26 02:49:30,30.30987978,78.09380775,6,620.000,,8.090,308,9,13,,
T,2019-03-26 02:49:31,30.30991661,78.09375210,6,619.000,,7.830,307,10,17,,
T,2019-03-26 02:49:32,30.30995941,78.09368726,6,619.000,,7.830,307,10,17,,
T,2019-03-26 02:49:33,30.30999210,78.09361690,5,620.000,,7.680,303,10,17,,
T,2019-03-26 02:49:34,30.31002014,78.09355037,5,619.000,,8.130,308,11,16,,
T,2019-03-26 02:49:35,30.31008280,78.09350016,5,621.000,,6.480,308,12,18,,
T,2019-03-26 02:49:36,30.31011970,78.09344979,5,621.000,,5.850,308,12,17,,
T,2019-03-26 02:49:37,30.31014095,78.09340316,5,620.000,,4.400,302,12,17,,
T,2019-03-26 02:49:38,30.31014693,78.09337725,5,621.000,,2.910,291,11,16,,
T,2019-03-26 02:49:39,30.31014848,78.09334336,5,621.000,,2.880,266,11,16,,
T,2019-03-26 02:49:40,30.31014628,78.09331332,5,621.000,,2.890,265,9,15,,
