type,time,latitude,longitude,accuracy (m),altitude (m),geoid_height (m),speed (m/s),bearing (deg),sat_used,sat_inview,name,desc
T,2019-04-01 10:37:22,30.40040941,78.07920552,6,884.000,,6.410,159,23,37,20190401-160722,GPS Logger: 20190401-160722
T,2019-04-01 10:37:23,30.40034076,78.07923117,6,884.000,,7.060,163,23,37,,
T,2019-04-01 10:37:24,30.40027251,78.07924541,8,881.000,,7.240,171,23,37,,
T,2019-04-01 10:37:25,30.40020588,78.07925793,8,881.000,,7.420,172,24,37,,
T,2019-04-01 10:37:26,30.40011740,78.07924369,5,880.000,,8.780,176,24,37,,
T,2019-04-01 10:37:27,30.40003594,78.07924442,5,879.000,,8.890,181,26,37,,
T,2019-04-01 10:37:28,30.39994824,78.07924833,5,878.000,,9.050,179,26,38,,
T,2019-04-01 10:37:29,30.39986454,78.07925290,6,878.000,,9.120,178,26,38,,
T,2019-04-01 10:37:30,30.39977132,78.07922030,5,875.000,,9.230,177,14,25,,
T,2019-04-01 10:37:31,30.39968562,78.07921824,5,875.000,,9.250,181,11,24,,
T,2019-04-01 10:37:32,30.39961365,78.07921383,5,875.000,,9.340,189,13,25,,
T,2019-04-01 10:37:33,30.39953028,78.07919924,5,875.000,,9.340,189,13,25,,
T,2019-04-01 10:37:34,30.39946042,78.07918381,5,875.000,,9.110,197,8,20,,
T,2019-04-01 10:37:35,30.39938180,78.07916541,5,876.000,,8.000,198,10,24,,
T,2019-04-01 10:37:36,30.39931308,78.07913994,5,876.000,,8.000,198,10,24,,
T,2019-04-01 10:37:37,30.39923403,78.07912273,5,877.000,,8.860,199,10,21,,
T,2019-04-01 10:37:38,30.39915846,78.07909267,6,877.000,,8.860,199,10,21,,
T,2019-04-01 10:37:39,30.39908013,78.07906146,8,878.000,,8.660,200,12,24,,
T,2019-04-01 10:37:40,30.39901187,78.07896229,8,877.000,,9.030,211,13,25,,
T,2019-04-01 10:37:41,30.39893612,78.07889288,8,876.000,,9.660,209,13,25,,
T,2019-04-01 10:37:42,30.39888191,78.07884899,8,874.000,,8.990,206,11,23,,
T,2019-04-01 10:37:43,30.39880854,78.07880889,9,873.000,,9.000,206,11,23,,
T,2019-04-01 10:37:44,30.39873055,78.07875176,8,873.000,,9.450,204,9,23,,
T,2019-04-01 10:37:45,30.39865802,78.07867931,9,872.000,,10.390,215,11,24,,
T,2019-04-01 10:37:46,30.39857196,78.07864650,6,874.000,,9.600,204,12,25,,
T,2019-04-01 10:37:47,30.39849273,78.07859639,6,873.000,,9.680,208,12,24,,
T,2019-04-01 10:37:48,30.39841119,78.07854783,6,873.000,,10.120,210,11,24,,
T,2019-04-01 10:37:49,30.39833390,78.07850026,6,873.000,,9.820,207,11,23,,
T,2019-04-01 10:37:50,30.39827005,78.07845390,6,872.000,,9.380,206,10,22,,
T,2019-04-01 10:37:51,30.39819371,78.07842324,8,872.000,,8.690,202,10,22,,
T,2019-04-01 10:37:52,30.39811323,78.07838579,8,872.000,,9.210,203,12,22,,
T,2019-04-01 10:37:53,30.39803017,78.07835040,11,872.000,,9.600,202,11,23,,
T,2019-04-01 10:37:54,30.39794168,78.07826948,9,870.000,,10.950,212,11,23,,
T,2019-04-01 10:37:55,30.39785509,78.07822523,8,871.000,,9.840,205,13,24,,
T,2019-04-01 10:37:56,30.39777470,78.07818160,9,871.000,,9.840,205,13,24,,
T,2019-04-01 10:37:57,30.39770600,78.07807682,8,867.000,,9.890,205,14,25,,
T,2019-04-01 10:37:58,30.39761768,78.07803454,8,868.000,,10.270,207,12,23,,
T,2019-04-01 10:37:59,30.39753563,78.07795074,6,867.000,,10.410,208,12,22,,
T,2019-04-01 10:38:00,30.39745145,78.07790412,6,865.000,,10.340,207,11,22,,
T,2019-04-01 10:38:01,30.39737218,78.07785001,6,864.000,,10.160,213,13,24,,
T,2019-04-01 10:38:02,30.39728165,78.07778314,5,863.000,,11.690,216,12,24,,
T,2019-04-01 10:38:03,30.39720080,78.07772115,5,863.000,,10.810,222,11,24,,
T,2019-04-01 10:38:04,30.39712441,78.07764708,5,863.000,,10.350,225,12,23,,
T,2019-04-01 10:38:05,30.39705535,78.07757061,5,863.000,,10.850,224,12,24,,
T,2019-04-01 10:38:06,30.39698437,78.07749291,6,863.000,,10.850,224,12,24,,
T,2019-04-01 10:38:07,30.39690631,78.07743240,5,863.000,,10.920,227,9,22,,
T,2019-04-01 10:38:08,30.39683458,78.07735071,5,863.000,,10.560,222,12,23,,
T,2019-04-01 10:38:09,30.39676886,78.07727711,5,861.000,,10.760,222,10,21,,
T,2019-04-01 10:38:10,30.39669705,78.07720179,6,861.000,,10.760,222,10,21,,
T,2019-04-01 10:38:11,30.39662758,78.07711514,6,860.000,,10.830,225,10,22,,
T,2019-04-01 10:38:12,30.39655563,78.07702918,6,859.000,,11.130,225,11,22,,
T,2019-04-01 10:38:13,30.39648484,78.07694704,8,859.000,,11.130,225,11,22,,
T,2019-04-01 10:38:14,30.39640979,78.07687138,6,859.000,,11.120,224,12,22,,
T,2019-04-01 10:38:15,30.39633858,78.07679325,6,858.000,,11.160,227,12,22,,
T,2019-04-01 10:38:16,30.39627417,78.07669845,6,858.000,,11.360,231,10,20,,
T,2019-04-01 10:38:17,30.39621332,78.07661247,6,858.000,,11.030,235,12,23,,
T,2019-04-01 10:38:18,30.39615603,78.07651856,8,858.000,,11.030,235,12,23,,
T,2019-04-01 10:38:19,30.39608329,78.07639144,6,854.000,,11.640,231,10,22,,
T,2019-04-01 10:38:20,30.39601598,78.07629288,6,859.000,,11.920,230,9,21,,
T,2019-04-01 10:38:21,30.39594591,78.07619859,8,857.000,,11.930,229,9,21,,
T,2019-04-01 10:38:22,30.39587592,78.07608507,6,856.000,,12.040,232,12,22,,
T,2019-04-01 10:38:23,30.39580503,78.07599908,6,855.000,,11.890,230,12,22,,
T,2019-04-01 10:38:24,30.39573248,78.07588988,6,854.000,,11.920,231,12,23,,
T,2019-04-01 10:38:25,30.39566735,78.07580599,5,853.000,,10.840,228,11,22,,
T,2019-04-01 10:38:26,30.39559768,78.07572441,6,854.000,,11.930,231,13,23,,
T,2019-04-01 10:38:27,30.39551247,78.07564239,6,856.000,,12.140,229,12,22,,
T,2019-04-01 10:38:28,30.39542986,78.07551326,6,855.000,,12.680,231,9,20,,
T,2019-04-01 10:38:29,30.39536163,78.07541510,6,854.000,,12.230,232,8,21,,
T,2019-04-01 10:38:30,30.39529431,78.07531451,6,854.000,,12.220,232,8,21,,
T,2019-04-01 10:38:31,30.39522120,78.07519182,6,855.000,,12.460,232,11,22,,
T,2019-04-01 10:38:32,30.39516082,78.07510079,5,854.000,,11.280,232,13,22,,
T,2019-04-01 10:38:33,30.39509217,78.07500043,5,854.000,,11.960,232,13,22,,
T,2019-04-01 10:38:34,30.39501367,78.07489659,6,854.000,,11.840,232,11,21,,
T,2019-04-01 10:38:35,30.39494844,78.07479896,8,854.000,,11.840,232,11,21,,
T,2019-04-01 10:38:36,30.39489578,78.07467881,6,853.000,,11.700,236,12,22,,
T,2019-04-01 10:38:37,30.39483920,78.07456661,6,853.000,,12.020,236,10,20,,
T,2019-04-01 10:38:38,30.39478642,78.07447023,6,852.000,,10.590,237,11,23,,
T,2019-04-01 10:38:39,30.39473400,78.07437797,6,851.000,,10.600,237,11,23,,
T,2019-04-01 10:38:40,30.39471352,78.07428391,6,848.000,,11.240,238,11,23,,
T,2019-04-01 10:38:41,30.39466984,78.07418628,6,848.000,,10.320,242,11,23,,
T,2019-04-01 10:38:42,30.39462637,78.07409134,8,848.000,,10.310,242,11,23,,
T,2019-04-01 10:38:43,30.39456662,78.07398024,6,846.000,,11.140,240,11,23,,
T,2019-04-01 10:38:44,30.39448999,78.07386377,8,846.000,,12.190,239,11,22,,
T,2019-04-01 10:38:45,30.39443251,78.07375550,9,846.000,,12.190,239,11,22,,
T,2019-04-01 10:38:46,30.39438043,78.07366919,8,845.000,,10.710,240,9,21,,
T,2019-04-01 10:38:47,30.39433188,78.07357278,9,845.000,,10.710,240,9,21,,
T,2019-04-01 10:38:48,30.39428183,78.07347482,6,844.000,,10.740,239,10,21,,
T,2019-04-01 10:38:49,30.39423237,78.07337867,8,844.000,,10.740,239,10,21,,
T,2019-04-01 10:38:50,30.39418078,78.07329379,8,839.000,,10.560,229,11,20,,
T,2019-04-01 10:38:51,30.39410364,78.07322744,8,840.000,,9.980,218,10,21,,
T,2019-04-01 10:38:52,30.39402490,78.07316939,8,839.000,,10.500,214,10,21,,
T,2019-04-01 10:38:53,30.39393485,78.07312804,11,842.000,,10.490,206,8,19,,
T,2019-04-01 10:38:54,30.39384603,78.07314361,9,841.000,,10.140,187,8,20,,
T,2019-04-01 10:38:55,30.39375813,78.07314430,9,840.000,,10.150,186,10,21,,
T,2019-04-01 10:38:56,30.39368211,78.07315387,9,838.000,,10.070,185,8,20,,
T,2019-04-01 10:38:57,30.39359182,78.07314642,9,837.000,,9.430,186,8,20,,
T,2019-04-01 10:38:58,30.39349760,78.07313647,9,836.000,,10.010,186,10,22,,
T,2019-04-01 10:38:59,30.39338788,78.07313875,9,837.000,,9.800,187,10,21,,
T,2019-04-01 10:39:00,30.39328970,78.07311181,8,837.000,,9.810,189,11,22,,
T,2019-04-01 10:39:01,30.39320240,78.07308663,8,835.000,,9.910,192,12,22,,
T,2019-04-01 10:39:02,30.39312533,78.07306901,8,833.000,,9.050,190,12,22,,
T,2019-04-01 10:39:03,30.39305179,78.07305614,8,831.000,,9.190,190,12,22,,
T,2019-04-01 10:39:04,30.39299563,78.07302864,9,828.000,,9.030,192,11,21,,
T,2019-04-01 10:39:05,30.39292661,78.07299342,9,827.000,,8.760,196,9,20,,
T,2019-04-01 10:39:06,30.39285047,78.07296891,11,827.000,,8.760,196,9,20,,
T,2019-04-01 10:39:07,30.39277057,78.07295279,8,826.000,,8.840,194,12,21,,
T,2019-04-01 10:39:08,30.39268334,78.07292302,8,825.000,,9.450,195,10,20,,
T,2019-04-01 10:39:09,30.39259825,78.07288626,8,823.000,,9.370,197,10,21,,
T,2019-04-01 10:39:10,30.39251718,78.07285736,11,823.000,,9.390,197,10,21,,
T,2019-04-01 10:39:11,30.39242896,78.07282709,8,822.000,,9.060,195,9,19,,
T,2019-04-01 10:39:12,30.39234997,78.07280300,11,822.000,,9.060,195,9,19,,
T,2019-04-01 10:39:13,30.39225605,78.07279818,8,823.000,,9.690,194,14,21,,
T,2019-04-01 10:39:14,30.39216924,78.07277503,8,822.000,,9.770,194,12,19,,
T,2019-04-01 10:39:15,30.39208151,78.07274213,6,822.000,,9.840,196,12,22,,
T,2019-04-01 10:39:16,30.39198298,78.07272487,6,821.000,,9.670,195,12,22,,
T,2019-04-01 10:39:17,30.39190841,78.07269448,6,820.000,,9.510,193,10,19,,
T,2019-04-01 10:39:18,30.39182523,78.07265916,6,818.000,,9.900,195,13,22,,
T,2019-04-01 10:39:19,30.39174189,78.07262151,5,817.000,,9.540,190,10,19,,
T,2019-04-01 10:39:20,30.39165715,78.07260363,6,817.000,,9.540,190,10,19,,
T,2019-04-01 10:39:21,30.39157521,78.07256612,6,818.000,,9.120,193,10,19,,
T,2019-04-01 10:39:22,30.39148835,78.07257211,6,818.000,,9.710,186,10,21,,
T,2019-04-01 10:39:23,30.39140114,78.07256151,9,817.000,,9.720,186,10,21,,
T,2019-04-01 10:39:24,30.39132252,78.07256430,8,817.000,,9.270,182,10,21,,
T,2019-04-01 10:39:25,30.39123926,78.07256152,6,816.000,,8.850,179,9,18,,
T,2019-04-01 10:39:26,30.39115021,78.07255274,5,814.000,,9.290,180,9,18,,
T,2019-04-01 10:39:27,30.39105258,78.07255046,5,814.000,,9.410,181,13,22,,
T,2019-04-01 10:39:28,30.39096774,78.07254857,6,814.000,,9.410,181,13,22,,
T,2019-04-01 10:39:29,30.39088771,78.07253058,5,812.000,,8.350,182,11,21,,
T,2019-04-01 10:39:30,30.39079969,78.07253124,5,811.000,,8.880,180,13,37,,
T,2019-04-01 10:39:31,30.39072739,78.07253634,6,811.000,,8.810,179,13,24,,
T,2019-04-01 10:39:32,30.39064431,78.07254842,6,811.000,,8.950,172,11,22,,
T,2019-04-01 10:39:33,30.39056467,78.07258651,8,811.000,,9.280,159,11,22,,
T,2019-04-01 10:39:34,30.39048730,78.07263991,8,833.000,,9.410,149,13,22,,
T,2019-04-01 10:39:35,30.39041465,78.07269057,9,829.000,,9.410,149,13,22,,
T,2019-04-01 10:39:36,30.39036330,78.07274404,8,824.000,,9.310,130,12,21,,
T,2019-04-01 10:39:37,30.39033606,78.07282260,6,820.000,,9.170,119,11,20,,
T,2019-04-01 10:39:38,30.39030634,78.07292025,6,819.000,,9.080,111,10,21,,
T,2019-04-01 10:39:39,30.39027649,78.07299783,6,832.000,,9.110,106,10,21,,
T,2019-04-01 10:39:40,30.39025437,78.07308921,6,827.000,,9.110,106,10,21,,
T,2019-04-01 10:39:41,30.39023696,78.07319465,6,821.000,,9.320,100,10,20,,
T,2019-04-01 10:39:42,30.39022408,78.07327994,6,818.000,,8.880,99,10,36,,
T,2019-04-01 10:39:43,30.39021538,78.07338848,6,814.000,,9.260,96,12,36,,
T,2019-04-01 10:39:44,30.39021344,78.07347261,6,814.000,,9.380,95,9,20,,
T,2019-04-01 10:39:45,30.39020728,78.07357183,6,813.000,,8.710,95,10,22,,
T,2019-04-01 10:39:46,30.39020116,78.07366218,8,813.000,,8.710,95,10,22,,
T,2019-04-01 10:39:47,30.39017512,78.07375737,6,813.000,,8.270,94,11,21,,
T,2019-04-01 10:39:48,30.39015739,78.07384263,8,813.000,,8.220,97,11,21,,
T,2019-04-01 10:39:49,30.39014170,78.07394451,8,814.000,,7.680,96,11,21,,
T,2019-04-01 10:39:50,30.39014113,78.07400367,8,813.000,,7.050,96,10,20,,
T,2019-04-01 10:39:51,30.39012071,78.07405533,8,814.000,,6.480,100,9,22,,
T,2019-04-01 10:39:52,30.39010700,78.07411280,8,814.000,,6.220,108,11,22,,
T,2019-04-01 10:39:53,30.39009144,78.07416802,8,813.000,,5.270,115,8,20,,
T,2019-04-01 10:39:54,30.39006667,78.07420407,8,812.000,,5.390,121,11,23,,
T,2019-04-01 10:39:55,30.39004481,78.07425194,8,812.000,,4.930,123,12,23,,
T,2019-04-01 10:39:56,30.39001454,78.07429580,8,811.000,,4.770,124,11,21,,
T,2019-04-01 10:39:57,30.38999023,78.07433687,11,811.000,,4.770,124,11,21,,
T,2019-04-01 10:39:58,30.38995356,78.07441304,8,810.000,,5.610,124,10,20,,
T,2019-04-01 10:39:59,30.38991434,78.07447718,9,809.000,,6.170,126,9,20,,
T,2019-04-01 10:40:00,30.38988718,78.07451973,9,809.000,,6.280,127,10,20,,
T,2019-04-01 10:40:01,30.38984370,78.07457775,11,810.000,,7.300,133,9,20,,
T,2019-04-01 10:40:02,30.38980376,78.07462121,9,808.000,,7.290,138,9,21,,
T,2019-04-01 10:40:03,30.38974851,78.07467237,9,809.000,,7.920,144,11,21,,
T,2019-04-01 10:40:04,30.38969305,78.07471647,9,810.000,,7.880,158,10,19,,
T,2019-04-01 10:40:05,30.38961346,78.07473806,9,835.000,,7.570,170,13,21,,
T,2019-04-01 10:40:06,30.38954504,78.07475144,9,829.000,,7.490,185,12,20,,
T,2019-04-01 10:40:07,30.38947589,78.07472804,9,825.000,,6.860,197,12,20,,
T,2019-04-01 10:40:08,30.38941650,78.07470801,11,822.000,,6.120,199,11,19,,
T,2019-04-01 10:40:09,30.38936441,78.07468683,12,821.000,,6.120,199,11,19,,
T,2019-04-01 10:40:10,30.38933591,78.07466455,11,812.000,,4.430,204,12,34,,
T,2019-04-01 10:40:11,30.38930451,78.07462887,11,811.000,,4.690,214,12,34,,
T,2019-04-01 10:40:12,30.38927158,78.07459790,14,811.000,,4.410,217,14,34,,
T,2019-04-01 10:40:13,30.38925295,78.07458041,9,811.000,,2.780,200,22,34,,
T,2019-04-01 10:40:14,30.38922593,78.07455497,8,810.000,,2.920,212,23,34,,
T,2019-04-01 10:40:15,30.38919366,78.07453715,6,810.000,,3.810,209,23,34,,
T,2019-04-01 10:40:16,30.38916538,78.07451800,6,810.000,,4.080,218,24,35,,
T,2019-04-01 10:40:17,30.38913307,78.07448517,5,810.000,,4.290,218,24,36,,
T,2019-04-01 10:40:18,30.38909804,78.07444200,5,810.000,,4.820,220,24,36,,
T,2019-04-01 10:40:19,30.38905057,78.07441146,5,810.000,,5.260,215,24,37,,
T,2019-04-01 10:40:20,30.38901397,78.07438164,5,811.000,,5.440,213,24,37,,
T,2019-04-01 10:40:21,30.38897848,78.07435817,5,811.000,,4.440,208,24,37,,
T,2019-04-01 10:40:22,30.38892438,78.07433117,5,811.000,,6.180,201,25,38,,
T,2019-04-01 10:40:23,30.38887100,78.07431802,5,811.000,,6.400,193,25,38,,
T,2019-04-01 10:40:24,30.38880876,78.07430410,5,811.000,,6.820,192,26,38,,
T,2019-04-01 10:40:25,30.38874119,78.07429625,5,810.000,,7.030,188,26,38,,
T,2019-04-01 10:40:26,30.38866030,78.07427338,5,810.000,,7.450,187,26,38,,
T,2019-04-01 10:40:27,30.38859942,78.07425217,5,808.000,,7.910,193,26,38,,
T,2019-04-01 10:40:28,30.38852957,78.07424804,5,807.000,,7.850,186,15,25,,
T,2019-04-01 10:40:29,30.38844776,78.07421338,5,807.000,,8.300,186,13,23,,
T,2019-04-01 10:40:30,30.38836577,78.07421032,5,807.000,,8.570,185,12,25,,
T,2019-04-01 10:40:31,30.38828463,78.07421007,5,806.000,,8.850,181,13,25,,
T,2019-04-01 10:40:32,30.38820480,78.07420879,5,806.000,,8.850,181,13,25,,
T,2019-04-01 10:40:33,30.38809136,78.07421723,5,805.000,,9.190,180,9,22,,
T,2019-04-01 10:40:34,30.38800842,78.07421679,6,805.000,,9.190,180,9,22,,
T,2019-04-01 10:40:35,30.38792817,78.07419822,6,805.000,,9.070,181,7,22,,
T,2019-04-01 10:40:36,30.38784802,78.07419484,6,806.000,,9.170,184,10,24,,
T,2019-04-01 10:40:37,30.38776714,78.07418246,5,805.000,,9.110,184,9,23,,
T,2019-04-01 10:40:38,30.38771020,78.07415892,5,801.000,,8.940,185,9,23,,
T,2019-04-01 10:40:39,30.38763130,78.07416913,5,799.000,,9.080,181,11,23,,
T,2019-04-01 10:40:40,30.38755256,78.07416404,6,799.000,,8.950,181,10,20,,
T,2019-04-01 10:40:41,30.38748467,78.07416813,6,797.000,,8.650,182,10,20,,
T,2019-04-01 10:40:42,30.38740512,78.07415558,6,796.000,,8.690,183,10,20,,
T,2019-04-01 10:40:43,30.38732624,78.07413042,8,797.000,,8.650,182,11,22,,
T,2019-04-01 10:40:44,30.38725355,78.07413417,8,798.000,,8.690,183,12,22,,
T,2019-04-01 10:40:45,30.38717525,78.07412909,8,798.000,,8.690,183,12,22,,
T,2019-04-01 10:40:46,30.38711154,78.07412872,8,805.000,,8.460,184,11,22,,
T,2019-04-01 10:40:47,30.38703666,78.07411262,8,803.000,,8.460,183,10,21,,
T,2019-04-01 10:40:48,30.38695760,78.07410712,6,802.000,,8.370,183,13,23,,
T,2019-04-01 10:40:49,30.38687506,78.07410390,6,801.000,,8.440,184,11,21,,
T,2019-04-01 10:40:50,30.38679906,78.07409818,8,800.000,,8.440,184,11,21,,
T,2019-04-01 10:40:51,30.38671795,78.07409500,6,800.000,,8.460,179,13,23,,
T,2019-04-01 10:40:52,30.38664615,78.07410362,6,798.000,,8.550,178,13,22,,
T,2019-04-01 10:40:53,30.38654920,78.07410550,6,799.000,,8.620,175,14,22,,
T,2019-04-01 10:40:54,30.38647053,78.07409482,6,798.000,,8.590,175,12,21,,
T,2019-04-01 10:40:55,30.38639096,78.07410816,8,798.000,,8.690,175,13,22,,
T,2019-04-01 10:40:56,30.38631100,78.07410958,8,798.000,,8.730,175,10,18,,
T,2019-04-01 10:40:57,30.38623266,78.07411778,12,798.000,,8.720,175,10,18,,
T,2019-04-01 10:40:58,30.38615427,78.07412941,8,801.000,,8.510,175,10,18,,
T,2019-04-01 10:40:59,30.38605430,78.07417506,6,801.000,,8.370,175,11,21,,
T,2019-04-01 10:41:00,30.38597909,78.07418331,8,801.000,,8.370,175,11,21,,
T,2019-04-01 10:41:01,30.38593301,78.07419471,6,799.000,,7.940,170,13,22,,
T,2019-04-01 10:41:02,30.38586494,78.07420981,5,797.000,,8.010,171,11,20,,
T,2019-04-01 10:41:03,30.38579188,78.07422375,5,797.000,,7.900,170,11,21,,
T,2019-04-01 10:41:04,30.38570676,78.07424406,5,796.000,,7.490,173,11,21,,
T,2019-04-01 10:41:05,30.38563970,78.07425399,6,796.000,,7.490,173,11,21,,
T,2019-04-01 10:41:06,30.38557372,78.07426086,5,795.000,,7.660,171,10,21,,
T,2019-04-01 10:41:07,30.38549487,78.07428522,5,796.000,,7.670,168,10,20,,
T,2019-04-01 10:41:08,30.38542729,78.07430225,6,796.000,,7.670,168,10,20,,
T,2019-04-01 10:41:09,30.38536333,78.07433119,8,796.000,,7.500,166,10,20,,
T,2019-04-01 10:41:10,30.38529614,78.07433330,6,795.000,,7.690,168,14,24,,
T,2019-04-01 10:41:11,30.38522629,78.07434702,6,795.000,,7.770,169,11,19,,
T,2019-04-01 10:41:12,30.38516650,78.07434621,6,795.000,,7.010,170,13,23,,
T,2019-04-01 10:41:13,30.38511010,78.07435211,8,796.000,,6.220,171,10,21,,
T,2019-04-01 10:41:14,30.38505455,78.07436215,11,796.000,,6.230,171,10,21,,
T,2019-04-01 10:41:15,30.38500226,78.07438443,9,795.000,,7.480,168,10,21,,
T,2019-04-01 10:41:16,30.38494043,78.07438857,8,795.000,,7.170,173,14,24,,
T,2019-04-01 10:41:17,30.38487330,78.07439116,9,794.000,,7.290,173,13,22,,
T,2019-04-01 10:41:18,30.38480781,78.07440037,11,796.000,,7.350,172,11,21,,
T,2019-04-01 10:41:19,30.38474222,78.07441129,17,796.000,,7.340,172,11,21,,
T,2019-04-01 10:41:20,30.38468399,78.07441861,9,797.000,,7.210,169,11,21,,
T,2019-04-01 10:41:21,30.38461219,78.07443749,9,796.000,,7.800,169,9,21,,
T,2019-04-01 10:41:22,30.38453558,78.07445056,8,795.000,,7.570,172,8,22,,
T,2019-04-01 10:41:23,30.38446670,78.07447136,8,794.000,,7.340,164,9,24,,
T,2019-04-01 10:41:24,30.38440891,78.07449499,8,791.000,,7.700,171,10,23,,
T,2019-04-01 10:41:25,30.38434029,78.07450766,9,791.000,,7.700,171,10,23,,
T,2019-04-01 10:41:26,30.38428408,78.07450023,8,801.000,,7.350,175,12,22,,
T,2019-04-01 10:41:27,30.38420794,78.07451003,8,798.000,,7.800,170,12,22,,
T,2019-04-01 10:41:28,30.38414062,78.07452674,8,795.000,,8.020,169,9,21,,
T,2019-04-01 10:41:29,30.38406953,78.07454238,9,794.000,,8.020,169,9,21,,
T,2019-04-01 10:41:30,30.38398217,78.07456342,6,791.000,,8.350,174,11,22,,
T,2019-04-01 10:41:31,30.38391139,78.07457011,6,799.000,,8.440,176,12,24,,
T,2019-04-01 10:41:32,30.38384263,78.07458084,6,796.000,,8.460,176,10,22,,
T,2019-04-01 10:41:33,30.38376765,78.07458371,6,795.000,,8.920,178,10,22,,
T,2019-04-01 10:41:34,30.38368958,78.07458973,6,793.000,,9.250,178,11,24,,
T,2019-04-01 10:41:35,30.38360735,78.07458956,6,791.000,,9.360,178,12,23,,
T,2019-04-01 10:41:36,30.38352365,78.07458447,8,789.000,,9.540,179,10,22,,
T,2019-04-01 10:41:37,30.38343392,78.07458946,8,789.000,,9.940,178,11,36,,
T,2019-04-01 10:41:38,30.38334688,78.07458492,9,787.000,,9.780,178,11,23,,
T,2019-04-01 10:41:39,30.38326613,78.07458752,12,786.000,,9.480,179,11,23,,
T,2019-04-01 10:41:40,30.38316512,78.07461017,11,786.000,,10.260,177,9,22,,
T,2019-04-01 10:41:41,30.38308058,78.07461745,11,793.000,,10.610,176,10,23,,
T,2019-04-01 10:41:42,30.38298537,78.07460172,9,789.000,,10.650,179,10,37,,
T,2019-04-01 10:41:43,30.38287643,78.07462841,9,788.000,,10.690,175,10,37,,
T,2019-04-01 10:41:44,30.38277853,78.07465152,8,787.000,,10.370,174,13,37,,
T,2019-04-01 10:41:45,30.38268246,78.07465977,6,783.000,,9.860,174,12,23,,
T,2019-04-01 10:41:46,30.38258680,78.07468229,6,781.000,,10.120,170,11,23,,
T,2019-04-01 10:41:47,30.38249689,78.07470069,8,781.000,,10.120,170,11,23,,
T,2019-04-01 10:41:48,30.38240209,78.07474182,6,781.000,,9.440,167,10,22,,
T,2019-04-01 10:41:49,30.38231921,78.07476441,8,781.000,,9.440,167,10,22,,
T,2019-04-01 10:41:50,30.38223390,78.07480433,8,781.000,,9.520,164,9,22,,
T,2019-04-01 10:41:51,30.38214097,78.07484341,6,781.000,,9.480,164,8,21,,
T,2019-04-01 10:41:52,30.38205866,78.07487040,9,781.000,,9.480,164,8,21,,
T,2019-04-01 10:41:53,30.38198901,78.07488734,6,780.000,,8.590,165,9,24,,
T,2019-04-01 10:41:54,30.38191684,78.07490983,6,779.000,,8.580,164,9,24,,
T,2019-04-01 10:41:55,30.38184746,78.07493100,8,779.000,,8.430,164,11,23,,
T,2019-04-01 10:41:56,30.38177886,78.07495109,8,780.000,,7.960,164,12,23,,
T,2019-04-01 10:41:57,30.38170480,78.07498510,8,780.000,,8.060,162,12,36,,
T,2019-04-01 10:41:58,30.38163222,78.07501036,8,782.000,,7.980,165,12,36,,
T,2019-04-01 10:41:59,30.38156406,78.07504528,8,782.000,,7.070,163,11,21,,
T,2019-04-01 10:42:00,30.38151084,78.07505237,8,780.000,,7.110,164,10,21,,
T,2019-04-01 10:42:01,30.38144922,78.07507298,12,780.000,,7.110,164,10,21,,
T,2019-04-01 10:42:02,30.38137504,78.07508261,9,780.000,,7.030,168,10,21,,
T,2019-04-01 10:42:03,30.38130354,78.07512229,8,781.000,,7.400,164,12,22,,
T,2019-04-01 10:42:04,30.38124172,78.07514172,8,780.000,,7.160,164,8,23,,
T,2019-04-01 10:42:05,30.38117972,78.07516267,9,780.000,,7.160,164,8,23,,
T,2019-04-01 10:42:06,30.38108912,78.07521406,8,782.000,,7.590,164,10,23,,
T,2019-04-01 10:42:07,30.38102332,78.07523599,11,781.000,,7.590,164,10,23,,
T,2019-04-01 10:42:08,30.38097087,78.07525143,6,781.000,,7.130,159,10,23,,
T,2019-04-01 10:42:09,30.38091062,78.07527761,8,782.000,,7.130,159,11,21,,
T,2019-04-01 10:42:10,30.38085089,78.07532813,6,782.000,,6.830,149,11,21,,
T,2019-04-01 10:42:11,30.38081339,78.07535254,8,784.000,,6.590,149,11,22,,
T,2019-04-01 10:42:12,30.38075178,78.07540478,8,783.000,,6.680,146,9,21,,
T,2019-04-01 10:42:13,30.38069572,78.07544513,8,783.000,,7.130,145,9,21,,
T,2019-04-01 10:42:14,30.38064782,78.07548301,8,782.000,,6.990,146,12,22,,
T,2019-04-01 10:42:15,30.38059558,78.07552386,9,782.000,,6.990,146,12,22,,
T,2019-04-01 10:42:16,30.38054321,78.07554193,8,784.000,,7.140,151,12,22,,
T,2019-04-01 10:42:17,30.38048295,78.07558145,8,783.000,,7.570,152,10,21,,
T,2019-04-01 10:42:18,30.38042895,78.07560540,8,782.000,,7.590,148,9,21,,
T,2019-04-01 10:42:19,30.38036848,78.07565507,8,783.000,,7.790,146,10,21,,
T,2019-04-01 10:42:20,30.38031014,78.07570037,9,782.000,,7.790,146,10,21,,
T,2019-04-01 10:42:21,30.38025320,78.07575633,8,784.000,,7.960,150,11,21,,
T,2019-04-01 10:42:22,30.38018511,78.07581246,8,784.000,,8.520,151,10,21,,
T,2019-04-01 10:42:23,30.38011474,78.07586311,8,785.000,,8.610,149,11,22,,
T,2019-04-01 10:42:24,30.38005231,78.07588188,8,785.000,,8.450,151,12,22,,
T,2019-04-01 10:42:25,30.37998566,78.07592350,8,785.000,,8.750,148,9,19,,
T,2019-04-01 10:42:26,30.37991497,78.07597136,8,785.000,,9.000,148,11,21,,
T,2019-04-01 10:42:27,30.37984706,78.07600385,8,783.000,,8.710,151,12,22,,
T,2019-04-01 10:42:28,30.37977898,78.07605126,8,782.000,,8.740,151,12,22,,
T,2019-04-01 10:42:29,30.37969916,78.07609228,8,782.000,,8.580,152,12,22,,
T,2019-04-01 10:42:30,30.37962177,78.07613725,8,783.000,,9.000,153,12,22,,
T,2019-04-01 10:42:31,30.37955510,78.07616522,9,782.000,,9.350,154,12,22,,
T,2019-04-01 10:42:32,30.37947720,78.07620276,8,780.000,,9.320,155,10,20,,
T,2019-04-01 10:42:33,30.37940286,78.07624876,8,780.000,,9.110,155,10,21,,
T,2019-04-01 10:42:34,30.37933334,78.07628060,8,779.000,,8.710,153,11,22,,
T,2019-04-01 10:42:35,30.37927417,78.07631815,8,778.000,,8.400,155,10,21,,
T,2019-04-01 10:42:36,30.37920378,78.07636115,6,778.000,,7.850,156,10,21,,
T,2019-04-01 10:42:37,30.37914566,78.07639401,6,778.000,,7.260,157,11,21,,
T,2019-04-01 10:42:38,30.37908978,78.07641167,6,778.000,,6.500,159,11,21,,
T,2019-04-01 10:42:39,30.37904232,78.07642494,6,776.000,,5.980,164,11,22,,
T,2019-04-01 10:42:40,30.37900468,78.07643789,6,776.000,,4.940,166,11,22,,
T,2019-04-01 10:42:41,30.37895281,78.07645867,6,776.000,,4.780,165,13,22,,
T,2019-04-01 10:42:42,30.37891886,78.07645883,6,772.000,,5.230,169,10,19,,
T,2019-04-01 10:42:43,30.37887258,78.07646954,8,772.000,,5.230,169,10,19,,
T,2019-04-01 10:42:44,30.37881861,78.07648805,6,773.000,,5.690,173,11,22,,
T,2019-04-01 10:42:45,30.37876251,78.07650175,6,772.000,,6.030,171,11,21,,
T,2019-04-01 10:42:46,30.37870480,78.07651999,8,772.000,,6.340,171,11,22,,
T,2019-04-01 10:42:47,30.37864600,78.07652498,8,772.000,,6.680,173,9,20,,
T,2019-04-01 10:42:48,30.37858218,78.07653316,8,773.000,,7.050,173,11,22,,
T,2019-04-01 10:42:49,30.37851241,78.07653098,6,771.000,,7.040,174,12,22,,
T,2019-04-01 10:42:50,30.37844688,78.07654044,8,772.000,,7.110,175,12,22,,
T,2019-04-01 10:42:51,30.37838310,78.07654767,9,771.000,,7.100,175,12,22,,
T,2019-04-01 10:42:52,30.37830733,78.07655134,8,773.000,,7.280,178,10,20,,
T,2019-04-01 10:42:53,30.37824517,78.07656934,8,773.000,,7.410,175,10,20,,
T,2019-04-01 10:42:54,30.37818408,78.07656956,8,774.000,,7.320,178,12,22,,
T,2019-04-01 10:42:55,30.37811808,78.07657275,9,774.000,,7.320,178,12,22,,
T,2019-04-01 10:42:56,30.37804994,78.07656811,8,778.000,,7.430,182,13,22,,
T,2019-04-01 10:42:57,30.37797936,78.07657086,6,779.000,,7.680,180,13,22,,
T,2019-04-01 10:42:58,30.37790270,78.07658020,8,780.000,,7.980,179,11,19,,
T,2019-04-01 10:42:59,30.37783073,78.07658145,8,780.000,,7.980,179,11,19,,
T,2019-04-01 10:43:00,30.37776041,78.07657611,6,779.000,,7.500,178,11,20,,
T,2019-04-01 10:43:01,30.37769031,78.07657712,8,779.000,,7.510,178,10,20,,
T,2019-04-01 10:43:02,30.37761447,78.07658621,8,779.000,,7.730,176,11,20,,
T,2019-04-01 10:43:03,30.37755323,78.07659265,8,778.000,,7.320,182,12,21,,
T,2019-04-01 10:43:04,30.37749123,78.07659784,8,777.000,,7.670,178,13,21,,
T,2019-04-01 10:43:05,30.37743345,78.07660840,8,775.000,,8.160,177,15,22,,
T,2019-04-01 10:43:06,30.37735803,78.07661742,8,776.000,,8.050,174,15,22,,
T,2019-04-01 10:43:07,30.37728786,78.07661777,8,776.000,,8.230,177,9,17,,
T,2019-04-01 10:43:08,30.37721024,78.07661623,8,775.000,,8.640,178,10,20,,
T,2019-04-01 10:43:09,30.37713228,78.07662008,9,775.000,,8.640,178,10,20,,
T,2019-04-01 10:43:10,30.37705988,78.07662834,8,776.000,,8.740,178,11,21,,
T,2019-04-01 10:43:11,30.37697537,78.07662048,9,788.000,,9.050,181,14,22,,
T,2019-04-01 10:43:12,30.37689155,78.07660227,8,784.000,,10.160,189,9,17,,
T,2019-04-01 10:43:13,30.37678699,78.07657310,8,782.000,,10.500,196,12,21,,
T,2019-04-01 10:43:14,30.37669573,78.07654371,9,780.000,,10.500,196,12,21,,
T,2019-04-01 10:43:15,30.37660850,78.07650167,8,778.000,,9.860,200,14,21,,
T,2019-04-01 10:43:16,30.37652344,78.07646195,8,776.000,,10.360,206,13,19,,
T,2019-04-01 10:43:17,30.37643418,78.07641031,9,775.000,,10.680,205,14,22,,
T,2019-04-01 10:43:18,30.37635819,78.07635565,9,775.000,,10.620,209,12,19,,
T,2019-04-01 10:43:19,30.37626561,78.07631950,11,775.000,,10.550,202,12,19,,
T,2019-04-01 10:43:20,30.37614685,78.07629032,9,789.000,,10.910,197,11,19,,
T,2019-04-01 10:43:21,30.37605643,78.07626893,9,786.000,,11.200,195,13,20,,
T,2019-04-01 10:43:22,30.37594435,78.07626185,9,782.000,,10.980,190,10,19,,
T,2019-04-01 10:43:23,30.37583663,78.07622229,9,780.000,,10.810,190,12,20,,
T,2019-04-01 10:43:24,30.37574077,78.07619654,8,779.000,,10.740,190,11,20,,
T,2019-04-01 10:43:25,30.37563176,78.07617570,8,778.000,,10.930,192,11,20,,
T,2019-04-01 10:43:26,30.37553536,78.07615159,9,777.000,,10.930,192,11,20,,
T,2019-04-01 10:43:27,30.37544020,78.07616555,8,778.000,,10.860,187,11,20,,
T,2019-04-01 10:43:28,30.37534091,78.07615754,8,779.000,,10.420,189,11,19,,
T,2019-04-01 10:43:29,30.37523801,78.07614915,8,779.000,,10.860,186,12,19,,
T,2019-04-01 10:43:30,30.37513215,78.07613480,8,779.000,,10.590,188,17,34,,
T,2019-04-01 10:43:31,30.37504390,78.07611385,8,779.000,,9.130,191,18,35,,
T,2019-04-01 10:43:32,30.37496464,78.07609221,8,780.000,,9.170,191,18,35,,
T,2019-04-01 10:43:33,30.37487896,78.07606931,6,781.000,,9.370,192,23,35,,
T,2019-04-01 10:43:34,30.37479386,78.07603314,5,781.000,,10.650,191,23,35,,
T,2019-04-01 10:43:35,30.37470248,78.07601319,5,781.000,,9.730,192,23,35,,
T,2019-04-01 10:43:36,30.37461670,78.07598333,6,779.000,,10.000,198,23,35,,
T,2019-04-01 10:43:37,30.37451914,78.07595429,6,779.000,,9.820,195,26,35,,
T,2019-04-01 10:43:38,30.37442809,78.07593365,6,778.000,,9.480,193,26,35,,
T,2019-04-01 10:43:39,30.37433580,78.07591836,8,778.000,,9.520,192,27,34,,
T,2019-04-01 10:43:40,30.37425808,78.07593626,6,777.000,,8.760,182,27,34,,
T,2019-04-01 10:43:41,30.37417231,78.07593714,6,778.000,,9.010,179,27,34,,
T,2019-04-01 10:43:42,30.37407514,78.07593921,8,779.000,,9.580,178,27,34,,
T,2019-04-01 10:43:43,30.37401926,78.07600355,8,779.000,,8.550,154,27,34,,
T,2019-04-01 10:43:44,30.37394452,78.07608746,9,779.000,,9.290,145,27,34,,
T,2019-04-01 10:43:45,30.37395779,78.07622204,8,778.000,,9.120,110,27,34,,
T,2019-04-01 10:43:46,30.37396120,78.07635295,6,778.000,,10.270,99,17,23,,
T,2019-04-01 10:43:47,30.37396663,78.07642958,6,776.000,,9.720,87,10,23,,
T,2019-04-01 10:43:48,30.37397543,78.07652905,6,776.000,,10.360,75,9,20,,
T,2019-04-01 10:43:49,30.37399993,78.07663304,6,775.000,,10.350,75,9,20,,
T,2019-04-01 10:43:50,30.37404769,78.07673886,8,775.000,,10.410,64,11,34,,
T,2019-04-01 10:43:51,30.37409651,78.07682193,9,774.000,,10.160,61,12,34,,
T,2019-04-01 10:43:52,30.37414902,78.07690135,11,774.000,,10.000,58,12,34,,
T,2019-04-01 10:43:53,30.37420159,78.07704444,6,774.000,,11.720,62,19,34,,
T,2019-04-01 10:43:54,30.37424608,78.07717447,6,774.000,,11.860,69,20,34,,
T,2019-04-01 10:43:55,30.37426098,78.07728048,6,774.000,,11.740,73,22,35,,
T,2019-04-01 10:43:56,30.37428432,78.07740821,5,774.000,,11.010,77,22,36,,
T,2019-04-01 10:43:57,30.37429296,78.07752517,5,774.000,,10.780,86,22,37,,
T,2019-04-01 10:43:58,30.37429935,78.07763469,5,774.000,,10.670,88,22,37,,
T,2019-04-01 10:43:59,30.37425847,78.07775147,5,773.000,,10.330,108,22,39,,
T,2019-04-01 10:44:00,30.37421877,78.07785652,5,772.000,,9.970,120,22,39,,
T,2019-04-01 10:44:01,30.37415524,78.07793547,5,770.000,,9.920,133,23,39,,
T,2019-04-01 10:44:02,30.37407723,78.07798325,5,770.000,,9.380,152,13,27,,
T,2019-04-01 10:44:03,30.37400557,78.07801957,5,769.000,,8.650,161,11,26,,
T,2019-04-01 10:44:04,30.37392923,78.07804575,5,770.000,,8.090,168,12,26,,
T,2019-04-01 10:44:05,30.37386171,78.07806458,5,770.000,,7.500,167,11,24,,
T,2019-04-01 10:44:06,30.37381756,78.07808120,5,767.000,,6.420,175,10,22,,
T,2019-04-01 10:44:07,30.37377204,78.07809364,5,766.000,,5.210,174,11,23,,
T,2019-04-01 10:44:08,30.37373249,78.07810743,5,767.000,,3.280,158,11,23,,
T,2019-04-01 10:44:09,30.37370866,78.07810715,5,765.000,,2.810,146,12,23,,
T,2019-04-01 10:44:10,30.37368589,78.07812332,5,765.000,,3.180,131,12,22,,
T,2019-04-01 10:44:11,30.37366688,78.07814817,6,765.000,,3.180,131,12,22,,
T,2019-04-01 10:44:12,30.37366943,78.07815888,5,766.000,,2.440,113,13,23,,
T,2019-04-01 10:44:13,30.37366584,78.07817689,5,765.000,,2.270,125,12,20,,
T,2019-04-01 10:44:14,30.37365415,78.07819643,6,765.000,,2.280,125,12,20,,
T,2019-04-01 10:44:15,30.37364607,78.07821504,8,765.000,,1.650,113,12,20,,
T,2019-04-01 10:44:16,30.37364057,78.07823141,9,765.000,,1.630,116,16,36,,
T,2019-04-01 10:44:17,30.37363628,78.07824857,9,765.000,,1.660,107,16,36,,
T,2019-04-01 10:44:18,30.37363506,78.07826935,9,765.000,,1.700,101,16,36,,
T,2019-04-01 10:44:19,30.37363496,78.07828206,9,765.000,,0.310,99,22,36,,
T,2019-04-01 10:44:20,30.37362553,78.07829505,8,765.000,,0.900,103,23,36,,
T,2019-04-01 10:44:21,30.37361108,78.07831532,8,765.000,,2.020,127,23,36,,
T,2019-04-01 10:44:22,30.37359556,78.07833472,8,765.000,,0.790,133,24,36,,
T,2019-04-01 10:44:23,30.37358538,78.07834853,6,766.000,,0.880,142,24,36,,
T,2019-04-01 10:44:24,30.37357188,78.07836290,8,766.000,,1.160,152,24,36,,
T,2019-04-01 10:44:25,30.37355528,78.07836821,8,768.000,,1.640,196,24,36,,
T,2019-04-01 10:44:26,30.37354223,78.07836365,6,768.000,,1.200,241,24,35,,
T,2019-04-01 10:44:27,30.37353677,78.07836048,6,768.000,,0.640,272,24,35,,
T,2019-04-01 10:44:28,30.37353963,78.07836045,5,767.000,,1.170,6,25,35,,
T,2019-04-01 10:44:29,30.37354616,78.07836457,6,767.000,,0.950,29,25,37,,
