type,time,latitude,longitude,accuracy (m),altitude (m),geoid_height (m),speed (m/s),bearing (deg),sat_used,sat_inview,name,desc
T,2019-04-06 03:19:20,30.32377411,78.06423462,9,646.000,,5.290,291,21,36,20190406-084920,GPS Logger: 20190406-084920
T,2019-04-06 03:19:21,30.32377191,78.06420316,8,647.000,,4.920,287,24,36,,
T,2019-04-06 03:19:22,30.32378496,78.06415308,8,647.000,,4.550,292,24,36,,
T,2019-04-06 03:19:23,30.32380378,78.06412654,8,647.000,,3.480,300,26,37,,
T,2019-04-06 03:19:24,30.32381260,78.06411730,6,648.000,,2.230,300,26,38,,
T,2019-04-06 03:19:25,30.32381883,78.06410437,6,648.000,,1.470,300,26,38,,
T,2019-04-06 03:19:26,30.32382087,78.06409963,6,648.000,,0.210,300,27,39,,
T,2019-04-06 03:19:27,30.32383113,78.06409502,6,650.000,,0.480,301,27,39,,
T,2019-04-06 03:19:28,30.32382262,78.06408926,6,650.000,,0.220,301,27,39,,
T,2019-04-06 03:19:29,30.32381733,78.06408076,5,650.000,,0.790,301,28,39,,
T,2019-04-06 03:19:30,30.32382695,78.06407243,5,651.000,,1.040,301,28,39,,
T,2019-04-06 03:19:31,30.32382823,78.06405998,6,651.000,,1.290,301,27,39,,
T,2019-04-06 03:19:32,30.32383357,78.06404584,5,651.000,,1.460,311,27,39,,
T,2019-04-06 03:19:33,30.32384442,78.06403036,5,651.000,,2.120,311,27,39,,
T,2019-04-06 03:19:34,30.32386007,78.06400918,5,651.000,,2.670,310,27,39,,
T,2019-04-06 03:19:35,30.32388487,78.06399669,5,653.000,,3.150,331,28,39,,
T,2019-04-06 03:19:36,30.32391841,78.06399402,5,651.000,,3.720,352,28,39,,
T,2019-04-06 03:19:37,30.32396431,78.06400799,5,650.000,,5.320,19,28,39,,
T,2019-04-06 03:19:38,30.32403812,78.06407413,5,650.000,,6.380,21,28,39,,
T,2019-04-06 03:19:39,30.32409387,78.06409967,5,650.000,,6.590,22,28,39,,
T,2019-04-06 03:19:40,30.32415634,78.06412847,5,650.000,,7.410,21,28,39,,
T,2019-04-06 03:19:41,30.32421968,78.06415604,5,652.000,,7.570,22,28,39,,
T,2019-04-06 03:19:42,30.32428619,78.06418578,5,653.000,,7.640,22,28,39,,
T,2019-04-06 03:19:43,30.32434934,78.06420633,5,653.000,,7.520,20,28,39,,
T,2019-04-06 03:19:44,30.32441331,78.06424298,5,653.000,,7.940,25,28,39,,
T,2019-04-06 03:19:45,30.32447202,78.06427184,5,653.000,,7.570,24,28,39,,
T,2019-04-06 03:19:46,30.32453442,78.06429940,5,653.000,,7.280,22,28,39,,
T,2019-04-06 03:19:47,30.32459449,78.06432356,5,653.000,,6.990,20,28,39,,
T,2019-04-06 03:19:48,30.32464680,78.06433699,5,653.000,,6.110,15,28,39,,
T,2019-04-06 03:19:49,30.32469468,78.06436476,5,652.000,,5.690,18,28,39,,
T,2019-04-06 03:19:50,30.32473434,78.06437983,6,652.000,,5.190,23,28,39,,
T,2019-04-06 03:19:51,30.32476537,78.06438018,6,652.000,,4.230,13,28,39,,
T,2019-04-06 03:19:52,30.32478071,78.06436249,5,652.000,,2.000,332,28,39,,
T,2019-04-06 03:19:53,30.32479035,78.06434578,5,651.000,,2.340,309,28,39,,
T,2019-04-06 03:19:54,30.32481833,78.06432295,5,651.000,,2.790,314,28,39,,
T,2019-04-06 03:19:55,30.32485228,78.06427824,6,650.000,,4.320,315,28,39,,
T,2019-04-06 03:19:56,30.32488364,78.06424681,6,650.000,,4.700,316,28,39,,
T,2019-04-06 03:19:57,30.32491428,78.06423278,6,649.000,,3.520,326,28,39,,
T,2019-04-06 03:19:58,30.32493450,78.06420012,6,649.000,,3.550,315,28,39,,
T,2019-04-06 03:19:59,30.32496342,78.06418014,6,650.000,,2.930,316,28,39,,
T,2019-04-06 03:20:00,30.32497016,78.06415794,6,650.000,,2.010,304,28,39,,
T,2019-04-06 03:20:01,30.32498432,78.06413528,6,650.000,,2.510,312,28,39,,
T,2019-04-06 03:20:02,30.32500506,78.06411080,5,650.000,,3.310,315,28,39,,
T,2019-04-06 03:20:03,30.32503236,78.06408213,5,650.000,,4.000,315,26,38,,
T,2019-04-06 03:20:04,30.32506519,78.06404749,5,649.000,,4.890,317,27,38,,
T,2019-04-06 03:20:05,30.32512121,78.06400848,5,649.000,,5.180,320,27,38,,
T,2019-04-06 03:20:06,30.32514512,78.06395846,5,650.000,,5.300,312,27,38,,
T,2019-04-06 03:20:07,30.32517263,78.06390615,5,651.000,,5.040,310,27,37,,
T,2019-04-06 03:20:08,30.32519857,78.06387669,6,651.000,,4.690,311,27,37,,
T,2019-04-06 03:20:09,30.32522168,78.06385451,5,650.000,,3.580,321,27,37,,
T,2019-04-06 03:20:10,30.32523743,78.06381708,5,650.000,,3.290,310,27,37,,
T,2019-04-06 03:20:11,30.32524744,78.06380065,5,652.000,,1.500,310,27,37,,
T,2019-04-06 03:20:12,30.32526079,78.06377767,5,651.000,,2.660,314,27,37,,
T,2019-04-06 03:20:13,30.32528117,78.06375340,5,652.000,,3.370,310,27,37,,
T,2019-04-06 03:20:14,30.32530092,78.06372607,5,652.000,,3.830,310,27,37,,
T,2019-04-06 03:20:15,30.32531762,78.06370377,5,651.000,,3.050,310,27,37,,
T,2019-04-06 03:20:16,30.32534092,78.06368048,5,651.000,,3.350,319,27,37,,
T,2019-04-06 03:20:17,30.32536645,78.06365391,5,651.000,,3.640,323,27,37,,
T,2019-04-06 03:20:18,30.32538184,78.06362951,5,651.000,,2.660,314,26,37,,
T,2019-04-06 03:20:19,30.32537601,78.06360914,5,652.000,,1.660,311,26,37,,
T,2019-04-06 03:20:20,30.32538006,78.06361079,5,652.000,,0.170,311,26,37,,
T,2019-04-06 03:20:21,30.32538375,78.06362167,5,652.000,,0.460,312,25,37,,
T,2019-04-06 03:20:22,30.32539345,78.06362721,5,652.000,,0.600,312,26,37,,
T,2019-04-06 03:20:23,30.32538665,78.06361700,5,653.000,,0.560,312,26,37,,
T,2019-04-06 03:20:24,30.32539258,78.06360616,5,652.000,,0.590,284,27,37,,
T,2019-04-06 03:20:25,30.32540200,78.06360159,5,651.000,,0.400,285,27,37,,
T,2019-04-06 03:20:26,30.32541296,78.06360247,5,651.000,,1.110,285,27,37,,
T,2019-04-06 03:20:27,30.32542264,78.06359660,5,651.000,,0.960,334,27,37,,
T,2019-04-06 03:20:28,30.32543745,78.06358912,5,650.000,,1.700,335,27,37,,
T,2019-04-06 03:20:29,30.32545250,78.06357742,5,650.000,,1.720,325,27,37,,
T,2019-04-06 03:20:30,30.32546377,78.06356419,5,650.000,,1.700,315,27,37,,
T,2019-04-06 03:20:31,30.32547111,78.06355445,5,649.000,,0.330,314,27,37,,
T,2019-04-06 03:20:32,30.32548763,78.06352971,5,648.000,,4.400,308,27,37,,
T,2019-04-06 03:20:33,30.32552044,78.06348652,5,648.000,,5.110,312,27,37,,
T,2019-04-06 03:20:34,30.32556527,78.06342216,5,648.000,,4.840,307,27,37,,
T,2019-04-06 03:20:35,30.32560800,78.06334480,5,646.000,,5.770,305,27,37,,
T,2019-04-06 03:20:36,30.32564301,78.06328888,6,645.000,,6.520,306,27,37,,
T,2019-04-06 03:20:37,30.32568234,78.06323404,5,645.000,,6.510,308,26,37,,
T,2019-04-06 03:20:38,30.32571579,78.06318628,5,645.000,,5.880,307,28,37,,
T,2019-04-06 03:20:39,30.32574549,78.06313180,5,645.000,,6.120,302,27,37,,
T,2019-04-06 03:20:40,30.32578529,78.06307829,5,646.000,,5.910,308,27,37,,
T,2019-04-06 03:20:41,30.32579774,78.06303458,5,645.000,,5.230,302,27,36,,
T,2019-04-06 03:20:42,30.32581760,78.06297583,5,644.000,,5.500,301,27,36,,
T,2019-04-06 03:20:43,30.32585252,78.06292422,5,644.000,,6.040,304,27,36,,
T,2019-04-06 03:20:44,30.32588363,78.06286902,5,645.000,,6.030,303,27,36,,
T,2019-04-06 03:20:45,30.32592016,78.06281893,5,644.000,,6.060,305,27,36,,
T,2019-04-06 03:20:46,30.32594525,78.06277735,5,644.000,,5.170,302,27,36,,
T,2019-04-06 03:20:47,30.32597422,78.06274539,5,646.000,,3.950,303,27,36,,
T,2019-04-06 03:20:48,30.32598519,78.06274123,5,646.000,,2.000,306,28,36,,
T,2019-04-06 03:20:49,30.32599681,78.06270819,5,647.000,,2.150,305,28,36,,
T,2019-04-06 03:20:50,30.32601844,78.06267458,5,648.000,,3.320,302,28,36,,
T,2019-04-06 03:20:51,30.32605317,78.06263821,5,648.000,,4.540,315,28,36,,
T,2019-04-06 03:20:52,30.32607768,78.06260279,5,648.000,,5.140,309,28,36,,
T,2019-04-06 03:20:53,30.32610819,78.06257605,5,647.000,,4.440,314,28,36,,
T,2019-04-06 03:20:54,30.32612225,78.06255391,5,647.000,,3.210,307,28,36,,
T,2019-04-06 03:20:55,30.32614669,78.06249884,5,646.000,,5.160,300,28,36,,
T,2019-04-06 03:20:56,30.32616961,78.06244648,5,647.000,,6.040,296,28,36,,
T,2019-04-06 03:20:57,30.32618418,78.06239206,5,647.000,,5.530,291,28,36,,
T,2019-04-06 03:20:58,30.32619708,78.06232511,5,647.000,,5.970,284,28,36,,
T,2019-04-06 03:20:59,30.32620326,78.06227318,5,647.000,,5.150,282,27,36,,
T,2019-04-06 03:21:00,30.32620654,78.06219960,5,646.000,,5.150,279,27,36,,
T,2019-04-06 03:21:01,30.32621989,78.06215336,5,645.000,,4.130,285,27,36,,
T,2019-04-06 03:21:02,30.32623007,78.06212102,5,645.000,,2.380,282,28,36,,
T,2019-04-06 03:21:03,30.32623157,78.06211340,5,644.000,,1.010,283,28,36,,
T,2019-04-06 03:21:04,30.32623263,78.06210251,5,645.000,,0.380,283,28,36,,
T,2019-04-06 03:21:05,30.32623392,78.06206920,5,646.000,,2.520,283,28,36,,
T,2019-04-06 03:21:06,30.32624203,78.06203896,5,645.000,,3.210,281,28,36,,
T,2019-04-06 03:21:07,30.32625305,78.06199039,5,645.000,,4.260,283,28,36,,
T,2019-04-06 03:21:08,30.32626375,78.06194256,5,644.000,,4.770,287,29,36,,
T,2019-04-06 03:21:09,30.32628611,78.06189141,5,645.000,,4.600,289,30,36,,
T,2019-04-06 03:21:10,30.32629256,78.06184897,5,644.000,,3.640,281,30,36,,
T,2019-04-06 03:21:11,30.32632843,78.06182182,5,645.000,,3.320,319,30,36,,
T,2019-04-06 03:21:12,30.32634965,78.06180475,5,645.000,,2.370,326,30,37,,
T,2019-04-06 03:21:13,30.32637640,78.06180302,5,646.000,,2.670,1,30,37,,
T,2019-04-06 03:21:14,30.32641669,78.06181495,5,646.000,,4.540,18,30,37,,
T,2019-04-06 03:21:15,30.32645788,78.06183263,5,647.000,,4.350,17,30,37,,
T,2019-04-06 03:21:16,30.32651568,78.06186911,5,647.000,,5.760,26,31,37,,
T,2019-04-06 03:21:17,30.32656736,78.06189350,5,647.000,,6.320,25,32,37,,
T,2019-04-06 03:21:18,30.32662444,78.06192502,5,647.000,,6.760,25,32,37,,
T,2019-04-06 03:21:19,30.32668535,78.06195797,5,646.000,,7.090,25,32,37,,
T,2019-04-06 03:21:20,30.32675323,78.06197478,5,647.000,,7.140,21,32,37,,
T,2019-04-06 03:21:21,30.32681192,78.06200123,5,648.000,,7.110,21,32,36,,
T,2019-04-06 03:21:22,30.32686703,78.06202700,5,648.000,,7.000,20,32,36,,
T,2019-04-06 03:21:23,30.32692855,78.06204913,5,648.000,,7.040,18,32,36,,
T,2019-04-06 03:21:24,30.32698850,78.06207071,5,648.000,,6.450,21,32,36,,
T,2019-04-06 03:21:25,30.32704371,78.06208618,5,649.000,,5.920,20,11,16,,
T,2019-04-06 03:21:26,30.32709622,78.06210610,5,647.000,,5.560,18,14,20,,
T,2019-04-06 03:21:27,30.32714652,78.06212429,5,647.000,,4.880,22,12,19,,
T,2019-04-06 03:21:28,30.32718897,78.06213539,5,648.000,,4.350,27,12,19,,
T,2019-04-06 03:21:29,30.32722389,78.06215608,6,648.000,,4.350,27,13,20,,
T,2019-04-06 03:21:30,30.32724036,78.06217552,6,647.000,,2.750,25,12,19,,
T,2019-04-06 03:21:31,30.32726426,78.06217710,6,647.000,,2.530,347,12,17,,
T,2019-04-06 03:21:32,30.32729079,78.06216542,6,646.000,,2.970,337,9,16,,
T,2019-04-06 03:21:33,30.32731556,78.06213833,6,648.000,,4.310,310,10,16,,
T,2019-04-06 03:21:34,30.32732849,78.06209913,6,647.000,,5.090,290,11,18,,
T,2019-04-06 03:21:35,30.32733990,78.06205398,6,648.000,,6.220,277,11,18,,
T,2019-04-06 03:21:36,30.32735400,78.06198584,6,647.000,,6.450,287,13,20,,
T,2019-04-06 03:21:37,30.32738368,78.06191474,6,648.000,,6.490,295,13,19,,
T,2019-04-06 03:21:38,30.32740284,78.06186355,6,647.000,,6.830,297,15,35,,
T,2019-04-06 03:21:39,30.32742090,78.06178827,5,647.000,,7.030,292,15,17,,
T,2019-04-06 03:21:40,30.32744618,78.06171749,6,647.000,,7.220,295,15,17,,
T,2019-04-06 03:21:41,30.32747344,78.06164916,8,647.000,,7.230,295,12,18,,
T,2019-04-06 03:21:42,30.32749593,78.06158355,8,646.000,,6.810,293,12,18,,
T,2019-04-06 03:21:43,30.32752191,78.06150205,6,647.000,,7.710,300,10,17,,
T,2019-04-06 03:21:44,30.32755623,78.06143237,8,648.000,,7.710,300,13,19,,
T,2019-04-06 03:21:45,30.32758237,78.06139596,6,648.000,,6.250,300,13,19,,
T,2019-04-06 03:21:46,30.32761028,78.06133941,9,648.000,,6.250,300,11,17,,
T,2019-04-06 03:21:47,30.32762651,78.06128347,6,647.000,,4.830,295,11,17,,
T,2019-04-06 03:21:48,30.32766939,78.06122430,6,647.000,,4.620,290,11,16,,
T,2019-04-06 03:21:49,30.32768351,78.06117902,8,647.000,,4.620,290,11,16,,
T,2019-04-06 03:21:50,30.32770875,78.06112853,8,648.000,,3.940,293,11,16,,
T,2019-04-06 03:21:51,30.32771586,78.06109117,8,648.000,,3.910,292,9,15,,
T,2019-04-06 03:21:52,30.32772817,78.06105431,6,649.000,,3.280,304,11,16,,
T,2019-04-06 03:21:53,30.32774479,78.06102597,9,649.000,,3.280,304,11,16,,
T,2019-04-06 03:21:54,30.32775161,78.06099958,8,648.000,,1.570,292,11,16,,
T,2019-04-06 03:21:55,30.32775233,78.06098169,6,648.000,,0.150,285,12,18,,
T,2019-04-06 03:21:56,30.32776231,78.06093897,6,649.000,,4.790,289,14,33,,
T,2019-04-06 03:21:57,30.32778944,78.06082344,8,650.000,,5.340,287,14,33,,
T,2019-04-06 03:21:58,30.32784677,78.06071576,11,648.000,,5.510,295,14,33,,
T,2019-04-06 03:21:59,30.32785484,78.06065664,8,647.000,,5.350,284,22,33,,
T,2019-04-06 03:22:00,30.32786776,78.06060091,6,647.000,,5.290,283,22,33,,
T,2019-04-06 03:22:01,30.32788131,78.06057100,5,647.000,,4.340,294,24,33,,
T,2019-04-06 03:22:02,30.32788714,78.06053818,5,648.000,,3.720,289,25,33,,
T,2019-04-06 03:22:03,30.32790114,78.06050814,5,648.000,,3.320,293,25,33,,
T,2019-04-06 03:22:04,30.32791206,78.06047992,6,648.000,,3.410,289,26,33,,
T,2019-04-06 03:22:05,30.32793645,78.06042537,5,648.000,,4.440,290,27,33,,
T,2019-04-06 03:22:06,30.32794654,78.06038395,5,648.000,,4.240,289,27,33,,
T,2019-04-06 03:22:07,30.32796873,78.06033109,5,648.000,,4.940,291,27,33,,
T,2019-04-06 03:22:08,30.32797998,78.06025509,5,648.000,,5.430,284,27,33,,
T,2019-04-06 03:22:09,30.32800507,78.06018712,5,647.000,,6.190,288,27,33,,
T,2019-04-06 03:22:10,30.32802469,78.06012292,5,646.000,,6.120,287,28,32,,
T,2019-04-06 03:22:11,30.32805367,78.06004850,5,646.000,,6.570,295,28,32,,
T,2019-04-06 03:22:12,30.32806681,78.05996051,5,647.000,,7.540,288,28,32,,
T,2019-04-06 03:22:13,30.32809389,78.05987794,5,649.000,,8.040,288,28,32,,
T,2019-04-06 03:22:14,30.32811586,78.05980064,5,648.000,,7.850,287,28,32,,
T,2019-04-06 03:22:15,30.32813712,78.05971751,5,648.000,,8.370,287,28,33,,
T,2019-04-06 03:22:16,30.32816680,78.05962741,5,648.000,,7.950,290,28,33,,
T,2019-04-06 03:22:17,30.32819550,78.05955604,5,646.000,,8.190,289,28,33,,
T,2019-04-06 03:22:18,30.32822416,78.05948058,5,646.000,,8.350,289,28,33,,
T,2019-04-06 03:22:19,30.32824597,78.05940288,5,646.000,,7.970,287,28,33,,
T,2019-04-06 03:22:20,30.32826766,78.05932811,5,646.000,,7.650,294,28,33,,
T,2019-04-06 03:22:21,30.32829828,78.05926520,5,647.000,,6.920,299,28,33,,
T,2019-04-06 03:22:22,30.32832042,78.05921190,5,647.000,,6.090,297,28,33,,
T,2019-04-06 03:22:23,30.32835723,78.05915392,5,649.000,,6.380,301,28,33,,
T,2019-04-06 03:22:24,30.32838550,78.05910175,5,649.000,,5.910,303,28,33,,
T,2019-04-06 03:22:25,30.32842073,78.05904863,5,648.000,,5.540,305,28,33,,
T,2019-04-06 03:22:26,30.32843573,78.05899174,5,648.000,,4.870,299,28,33,,
T,2019-04-06 03:22:27,30.32844537,78.05897125,5,647.000,,3.010,302,28,33,,
T,2019-04-06 03:22:28,30.32845616,78.05896614,5,647.000,,1.660,299,28,33,,
T,2019-04-06 03:22:29,30.32845417,78.05895793,5,646.000,,0.510,299,28,33,,
T,2019-04-06 03:22:30,30.32846628,78.05894159,5,647.000,,1.520,287,28,34,,
T,2019-04-06 03:22:31,30.32847084,78.05892583,5,647.000,,0.420,299,28,34,,
T,2019-04-06 03:22:32,30.32850479,78.05892970,5,648.000,,2.620,16,28,35,,
T,2019-04-06 03:22:33,30.32852167,78.05893780,5,648.000,,0.890,28,29,35,,
T,2019-04-06 03:22:34,30.32852982,78.05894302,5,649.000,,1.170,27,29,35,,
T,2019-04-06 03:22:35,30.32856494,78.05896625,5,650.000,,5.730,31,29,35,,
T,2019-04-06 03:22:36,30.32864167,78.05901859,5,650.000,,6.620,33,29,35,,
T,2019-04-06 03:22:37,30.32873681,78.05909078,5,649.000,,7.470,36,29,36,,
T,2019-04-06 03:22:38,30.32879230,78.05913333,6,648.000,,7.530,36,29,36,,
T,2019-04-06 03:22:39,30.32883221,78.05917154,5,649.000,,6.500,44,29,37,,
T,2019-04-06 03:22:40,30.32888731,78.05921738,5,649.000,,7.980,33,29,37,,
T,2019-04-06 03:22:41,30.32895048,78.05926821,5,650.000,,8.410,32,29,37,,
T,2019-04-06 03:22:42,30.32901352,78.05931740,5,651.000,,7.990,34,29,37,,
T,2019-04-06 03:22:43,30.32907375,78.05936910,5,652.000,,6.740,37,29,37,,
T,2019-04-06 03:22:44,30.32912238,78.05940035,5,651.000,,6.460,34,29,37,,
T,2019-04-06 03:22:45,30.32917659,78.05943294,5,651.000,,6.450,35,29,37,,
T,2019-04-06 03:22:46,30.32922647,78.05946572,5,651.000,,6.240,35,29,37,,
T,2019-04-06 03:22:47,30.32927176,78.05950160,5,651.000,,6.300,33,16,22,,
T,2019-04-06 03:22:48,30.32932100,78.05954235,5,652.000,,6.090,38,11,18,,
T,2019-04-06 03:22:49,30.32934967,78.05957381,5,652.000,,4.150,42,11,20,,
T,2019-04-06 03:22:50,30.32937765,78.05960275,6,652.000,,4.160,42,11,20,,
T,2019-04-06 03:22:51,30.32938553,78.05966768,6,652.000,,4.330,58,11,19,,
T,2019-04-06 03:22:52,30.32942999,78.05965903,6,651.000,,3.760,10,11,20,,
T,2019-04-06 03:22:53,30.32946351,78.05966579,6,650.000,,3.760,10,11,20,,
T,2019-04-06 03:22:54,30.32947784,78.05966374,8,651.000,,2.800,359,11,19,,
T,2019-04-06 03:22:55,30.32950313,78.05966326,9,651.000,,2.800,359,11,19,,
T,2019-04-06 03:22:56,30.32954460,78.05958361,9,651.000,,5.140,311,11,20,,
T,2019-04-06 03:22:57,30.32957587,78.05951772,11,650.000,,6.110,303,11,20,,
T,2019-04-06 03:22:58,30.32960944,78.05945384,12,650.000,,6.000,305,12,20,,
T,2019-04-06 03:22:59,30.32964059,78.05940273,15,650.000,,6.000,305,10,19,,
T,2019-04-06 03:23:00,30.32964783,78.05927919,11,648.000,,7.520,297,10,19,,
T,2019-04-06 03:23:01,30.32968817,78.05920739,11,648.000,,7.310,297,11,19,,
T,2019-04-06 03:23:02,30.32971527,78.05912257,9,648.000,,8.340,294,13,20,,
T,2019-04-06 03:23:03,30.32975796,78.05904638,9,647.000,,8.240,298,10,20,,
T,2019-04-06 03:23:04,30.32979355,78.05897839,9,647.000,,7.580,301,10,19,,
T,2019-04-06 03:23:05,30.32981672,78.05889694,9,647.000,,7.860,293,10,19,,
T,2019-04-06 03:23:06,30.32985564,78.05882234,9,647.000,,6.850,292,10,19,,
T,2019-04-06 03:23:07,30.32988232,78.05876135,9,647.000,,6.590,298,8,17,,
T,2019-04-06 03:23:08,30.32990975,78.05870052,11,647.000,,6.590,298,8,17,,
T,2019-04-06 03:23:09,30.32991545,78.05865418,8,647.000,,5.420,299,8,17,,
T,2019-04-06 03:23:10,30.32996230,78.05860258,9,648.000,,5.350,304,10,19,,
T,2019-04-06 03:23:11,30.32998912,78.05855621,14,648.000,,5.350,304,11,19,,
T,2019-04-06 03:23:12,30.32995366,78.05858960,9,648.000,,0.660,299,13,20,,
T,2019-04-06 03:23:13,30.32996443,78.05855922,9,647.000,,1.730,292,11,18,,
T,2019-04-06 03:23:14,30.32997811,78.05853418,9,647.000,,2.740,290,11,19,,
T,2019-04-06 03:23:15,30.32998647,78.05850772,11,647.000,,2.720,290,11,19,,
T,2019-04-06 03:23:16,30.33001704,78.05847138,9,647.000,,3.700,300,11,19,,
T,2019-04-06 03:23:17,30.33002368,78.05843266,9,647.000,,3.960,296,13,19,,
T,2019-04-06 03:23:18,30.33004034,78.05839573,9,646.000,,3.790,286,11,16,,
T,2019-04-06 03:23:19,30.33004978,78.05835782,11,647.000,,3.790,286,8,15,,
T,2019-04-06 03:23:20,30.33006775,78.05831835,9,647.000,,3.860,305,8,15,,
T,2019-04-06 03:23:21,30.33008488,78.05827962,9,647.000,,4.050,296,10,19,,
T,2019-04-06 03:23:22,30.33010080,78.05824162,12,647.000,,4.050,296,10,19,,
T,2019-04-06 03:23:23,30.33016146,78.05817652,11,648.000,,5.640,298,10,19,,
T,2019-04-06 03:23:24,30.33018513,78.05812448,15,648.000,,5.640,298,8,17,,
T,2019-04-06 03:23:25,30.33021963,78.05807997,14,648.000,,5.250,310,8,17,,
T,2019-04-06 03:23:26,30.33024983,78.05800246,14,648.000,,6.770,301,9,34,,
T,2019-04-06 03:23:27,30.33027637,78.05794752,15,648.000,,6.550,302,12,34,,
T,2019-04-06 03:23:28,30.33029821,78.05788587,18,648.000,,6.290,298,16,34,,
T,2019-04-06 03:23:29,30.33032300,78.05779490,21,648.000,,7.050,294,16,34,,
T,2019-04-06 03:23:30,30.33034814,78.05773901,17,649.000,,6.800,296,18,34,,
T,2019-04-06 03:23:31,30.33034794,78.05765473,11,649.000,,7.350,290,19,34,,
T,2019-04-06 03:23:32,30.33036694,78.05760075,8,648.000,,5.660,294,23,35,,
T,2019-04-06 03:23:33,30.33039390,78.05754420,8,648.000,,5.690,293,23,35,,
T,2019-04-06 03:23:34,30.33041002,78.05749183,8,649.000,,4.030,303,24,34,,
T,2019-04-06 03:23:35,30.33042934,78.05745390,8,648.000,,3.850,310,24,34,,
T,2019-04-06 03:23:36,30.33045262,78.05739562,6,647.000,,5.360,303,26,34,,
T,2019-04-06 03:23:37,30.33046683,78.05732366,6,647.000,,5.950,292,27,34,,
T,2019-04-06 03:23:38,30.33048282,78.05725879,8,647.000,,6.290,289,27,34,,
T,2019-04-06 03:23:39,30.33049997,78.05718778,8,648.000,,6.580,289,27,34,,
T,2019-04-06 03:23:40,30.33052335,78.05710467,6,648.000,,7.300,292,27,34,,
T,2019-04-06 03:23:41,30.33053735,78.05702802,6,649.000,,7.190,288,28,34,,
T,2019-04-06 03:23:42,30.33054858,78.05696276,5,648.000,,6.360,288,28,34,,
T,2019-04-06 03:23:43,30.33055386,78.05689413,5,649.000,,6.520,280,28,34,,
T,2019-04-06 03:23:44,30.33055837,78.05683264,6,650.000,,6.360,279,28,34,,
T,2019-04-06 03:23:45,30.33061584,78.05677416,6,652.000,,6.330,292,9,17,,
T,2019-04-06 03:23:46,30.33063674,78.05671289,8,653.000,,6.330,292,9,17,,
T,2019-04-06 03:23:47,30.33066737,78.05661891,9,655.000,,7.030,288,9,19,,
T,2019-04-06 03:23:48,30.33065176,78.05654892,6,656.000,,6.910,282,9,19,,
T,2019-04-06 03:23:49,30.33069009,78.05644997,6,655.000,,7.490,289,13,19,,
T,2019-04-06 03:23:50,30.33073135,78.05638246,6,656.000,,7.580,295,10,17,,
T,2019-04-06 03:23:51,30.33075987,78.05631070,8,658.000,,7.580,295,10,17,,
T,2019-04-06 03:23:52,30.33077362,78.05621984,6,657.000,,7.820,297,10,17,,
T,2019-04-06 03:23:53,30.33082419,78.05615997,8,659.000,,7.230,301,10,18,,
T,2019-04-06 03:23:54,30.33084274,78.05608990,6,660.000,,6.290,295,11,18,,
T,2019-04-06 03:23:55,30.33088418,78.05602607,6,661.000,,7.450,301,12,17,,
T,2019-04-06 03:23:56,30.33092440,78.05596418,6,662.000,,7.500,304,10,17,,
T,2019-04-06 03:23:57,30.33096496,78.05590901,6,662.000,,7.190,309,9,17,,
T,2019-04-06 03:23:58,30.33100047,78.05587326,6,660.000,,6.190,315,12,18,,
T,2019-04-06 03:23:59,30.33102822,78.05583624,8,658.000,,6.300,318,12,18,,
T,2019-04-06 03:24:00,30.33107370,78.05579743,8,659.000,,6.470,321,11,18,,
T,2019-04-06 03:24:01,30.33111893,78.05575479,9,660.000,,6.470,321,10,17,,
T,2019-04-06 03:24:02,30.33115578,78.05570379,9,660.000,,6.000,313,10,17,,
T,2019-04-06 03:24:03,30.33118440,78.05564646,8,659.000,,6.160,308,11,16,,
T,2019-04-06 03:24:04,30.33122992,78.05558828,8,659.000,,6.390,305,11,16,,
T,2019-04-06 03:24:05,30.33126677,78.05553473,8,660.000,,5.380,299,9,17,,
T,2019-04-06 03:24:06,30.33128078,78.05548866,8,660.000,,4.750,297,11,18,,
T,2019-04-06 03:24:07,30.33130329,78.05544817,8,659.000,,5.310,303,9,17,,
T,2019-04-06 03:24:08,30.33133683,78.05539665,9,660.000,,5.340,305,10,19,,
T,2019-04-06 03:24:09,30.33136222,78.05535161,9,659.000,,5.160,307,10,18,,
T,2019-04-06 03:24:10,30.33138315,78.05531020,9,657.000,,4.590,309,11,18,,
T,2019-04-06 03:24:11,30.33141824,78.05526597,9,659.000,,5.020,310,11,16,,
T,2019-04-06 03:24:12,30.33146173,78.05524449,9,659.000,,5.510,329,13,18,,
T,2019-04-06 03:24:13,30.33151194,78.05521163,8,659.000,,6.170,338,12,16,,
T,2019-04-06 03:24:14,30.33156026,78.05520921,8,659.000,,5.150,347,11,17,,
T,2019-04-06 03:24:15,30.33159658,78.05520736,8,659.000,,4.750,6,13,17,,
T,2019-04-06 03:24:16,30.33163610,78.05521561,8,660.000,,4.730,18,13,17,,
T,2019-04-06 03:24:17,30.33168626,78.05525147,8,660.000,,4.990,27,13,17,,
T,2019-04-06 03:24:18,30.33174333,78.05529022,8,660.000,,6.380,40,14,17,,
T,2019-04-06 03:24:19,30.33178758,78.05533167,8,660.000,,6.440,45,13,16,,
T,2019-04-06 03:24:20,30.33183966,78.05538398,9,660.000,,6.740,44,14,17,,
T,2019-04-06 03:24:21,30.33188322,78.05543295,14,659.000,,6.740,44,13,16,,
T,2019-04-06 03:24:22,30.33194782,78.05547353,11,657.000,,7.490,39,10,16,,
T,2019-04-06 03:24:23,30.33200022,78.05552281,14,660.000,,7.490,39,10,16,,
T,2019-04-06 03:24:24,30.33206806,78.05559235,11,659.000,,7.880,41,10,16,,
T,2019-04-06 03:24:25,30.33212211,78.05564543,14,660.000,,7.870,41,10,16,,
T,2019-04-06 03:24:26,30.33218246,78.05574118,9,658.000,,8.410,41,10,16,,
T,2019-04-06 03:24:27,30.33224537,78.05580358,8,659.000,,8.450,42,13,16,,
T,2019-04-06 03:24:28,30.33229705,78.05585465,8,658.000,,8.730,39,13,16,,
T,2019-04-06 03:24:29,30.33235938,78.05590768,8,658.000,,8.690,39,11,15,,
T,2019-04-06 03:24:30,30.33243754,78.05595124,8,656.000,,8.810,36,11,15,,
T,2019-04-06 03:24:31,30.33251092,78.05601791,8,658.000,,9.030,41,11,18,,
T,2019-04-06 03:24:32,30.33256734,78.05608439,8,660.000,,8.610,32,12,17,,
T,2019-04-06 03:24:33,30.33263356,78.05613091,11,660.000,,8.600,31,13,16,,
T,2019-04-06 03:24:34,30.33269317,78.05616604,8,659.000,,8.300,27,13,16,,
T,2019-04-06 03:24:35,30.33276188,78.05621546,9,660.000,,8.590,29,13,16,,
T,2019-04-06 03:24:36,30.33282954,78.05625869,14,660.000,,8.580,29,12,16,,
T,2019-04-06 03:24:37,30.33288422,78.05630179,11,661.000,,8.340,26,9,15,,
T,2019-04-06 03:24:38,30.33295192,78.05633966,12,661.000,,8.340,26,9,15,,
T,2019-04-06 03:24:39,30.33300534,78.05641043,9,661.000,,8.560,35,9,15,,
T,2019-04-06 03:24:40,30.33306730,78.05646152,11,661.000,,8.440,34,11,16,,
T,2019-04-06 03:24:41,30.33312495,78.05652224,9,660.000,,7.670,37,14,18,,
T,2019-04-06 03:24:42,30.33318247,78.05656472,8,661.000,,7.470,36,11,15,,
T,2019-04-06 03:24:43,30.33323521,78.05661854,9,661.000,,7.310,41,13,18,,
T,2019-04-06 03:24:44,30.33328469,78.05666847,11,661.000,,7.300,41,13,18,,
T,2019-04-06 03:24:45,30.33334757,78.05672335,8,662.000,,7.650,39,13,18,,
T,2019-04-06 03:24:46,30.33340470,78.05677716,8,662.000,,7.760,38,11,16,,
T,2019-04-06 03:24:47,30.33345957,78.05682735,9,662.000,,7.760,38,10,16,,
T,2019-04-06 03:24:48,30.33350132,78.05690268,6,660.000,,7.930,40,10,16,,
T,2019-04-06 03:24:49,30.33356171,78.05695276,6,659.000,,8.580,39,11,16,,
T,2019-04-06 03:24:50,30.33361935,78.05701732,6,659.000,,8.650,40,9,16,,
T,2019-04-06 03:24:51,30.33366496,78.05709956,8,658.000,,8.890,43,11,18,,
T,2019-04-06 03:24:52,30.33373092,78.05714364,8,659.000,,9.290,33,11,18,,
T,2019-04-06 03:24:53,30.33380368,78.05719031,9,659.000,,8.980,28,11,17,,
T,2019-04-06 03:24:54,30.33387384,78.05724687,9,661.000,,8.940,30,14,18,,
T,2019-04-06 03:24:55,30.33395194,78.05730631,8,662.000,,8.930,33,13,18,,
T,2019-04-06 03:24:56,30.33403565,78.05733634,8,663.000,,9.100,31,13,18,,
T,2019-04-06 03:24:57,30.33411574,78.05739257,8,663.000,,9.240,31,10,15,,
T,2019-04-06 03:24:58,30.33419195,78.05744415,8,662.000,,8.980,31,10,16,,
T,2019-04-06 03:24:59,30.33426099,78.05749118,8,663.000,,8.870,30,10,16,,
T,2019-04-06 03:25:00,30.33432643,78.05754831,8,663.000,,9.280,32,9,16,,
T,2019-04-06 03:25:01,30.33440895,78.05759006,8,662.000,,9.010,27,12,18,,
T,2019-04-06 03:25:02,30.33445853,78.05761968,8,663.000,,7.950,26,11,17,,
T,2019-04-06 03:25:03,30.33451013,78.05764864,8,664.000,,7.350,27,11,17,,
T,2019-04-06 03:25:04,30.33456730,78.05767304,8,663.000,,7.100,22,13,18,,
T,2019-04-06 03:25:05,30.33461064,78.05769710,9,664.000,,5.860,20,13,18,,
T,2019-04-06 03:25:06,30.33466216,78.05770513,8,663.000,,5.430,351,12,17,,
T,2019-04-06 03:25:07,30.33469677,78.05767496,6,661.000,,5.440,332,11,16,,
T,2019-04-06 03:25:08,30.33473198,78.05764321,8,662.000,,4.500,320,13,16,,
T,2019-04-06 03:25:09,30.33476157,78.05758531,8,662.000,,5.990,296,13,16,,
T,2019-04-06 03:25:10,30.33479409,78.05753134,9,663.000,,6.070,299,12,16,,
T,2019-04-06 03:25:11,30.33485648,78.05747118,12,663.000,,7.130,303,12,16,,
T,2019-04-06 03:25:12,30.33489118,78.05740875,17,663.000,,7.130,303,11,17,,
T,2019-04-06 03:25:13,30.33495058,78.05729698,11,664.000,,8.710,306,11,17,,
T,2019-04-06 03:25:14,30.33500718,78.05722605,9,664.000,,9.150,307,13,18,,
T,2019-04-06 03:25:15,30.33503975,78.05716765,9,665.000,,9.020,310,14,18,,
T,2019-04-06 03:25:16,30.33509218,78.05709597,11,666.000,,9.010,310,14,17,,
T,2019-04-06 03:25:17,30.33514131,78.05700917,8,665.000,,8.610,305,14,17,,
T,2019-04-06 03:25:18,30.33518790,78.05694325,8,665.000,,7.870,305,12,17,,
T,2019-04-06 03:25:19,30.33524876,78.05687394,8,668.000,,6.910,304,12,17,,
T,2019-04-06 03:25:20,30.33528446,78.05681354,8,667.000,,6.520,303,10,16,,
T,2019-04-06 03:25:21,30.33530620,78.05675999,8,667.000,,5.150,300,13,19,,
T,2019-04-06 03:25:22,30.33532812,78.05672400,9,667.000,,4.770,307,13,17,,
T,2019-04-06 03:25:23,30.33533952,78.05671071,8,664.000,,4.000,312,13,17,,
T,2019-04-06 03:25:24,30.33537017,78.05664932,8,665.000,,4.190,310,14,18,,
T,2019-04-06 03:25:25,30.33538461,78.05659652,8,666.000,,2.910,310,14,18,,
T,2019-04-06 03:25:26,30.33539473,78.05658206,8,665.000,,1.970,312,11,16,,
T,2019-04-06 03:25:27,30.33540668,78.05656708,8,665.000,,1.960,313,10,16,,
T,2019-04-06 03:25:28,30.33542017,78.05655873,6,663.000,,1.450,317,13,18,,
T,2019-04-06 03:25:29,30.33543282,78.05654712,6,664.000,,1.860,317,13,19,,
T,2019-04-06 03:25:30,30.33546032,78.05654107,8,665.000,,2.360,323,13,19,,
T,2019-04-06 03:25:31,30.33548149,78.05653979,8,663.000,,3.910,331,10,16,,
T,2019-04-06 03:25:32,30.33549925,78.05652853,9,663.000,,1.630,331,11,18,,
T,2019-04-06 03:25:33,30.33551260,78.05652314,11,665.000,,1.260,337,11,18,,
T,2019-04-06 03:25:34,30.33551818,78.05651903,9,665.000,,0.000,,3,34,,
T,2019-04-06 03:25:35,30.33553308,78.05651372,11,666.000,,2.390,348,14,34,,
T,2019-04-06 03:25:36,30.33568092,78.05639718,12,667.000,,5.550,338,15,35,,
T,2019-04-06 03:25:37,30.33572584,78.05634402,8,667.000,,5.940,332,20,35,,
T,2019-04-06 03:25:38,30.33577651,78.05633440,6,668.000,,6.080,336,22,35,,
T,2019-04-06 03:25:39,30.33583444,78.05631792,5,669.000,,5.670,345,25,35,,
T,2019-04-06 03:25:40,30.33589448,78.05629007,5,670.000,,6.950,340,25,35,,
T,2019-04-06 03:25:41,30.33594909,78.05625899,6,671.000,,6.820,336,26,35,,
T,2019-04-06 03:25:42,30.33600258,78.05621896,6,671.000,,6.750,332,27,35,,
T,2019-04-06 03:25:43,30.33605751,78.05620376,5,672.000,,6.780,340,27,35,,
T,2019-04-06 03:25:44,30.33611985,78.05617112,5,671.000,,6.620,340,27,36,,
T,2019-04-06 03:25:45,30.33615821,78.05612588,5,672.000,,6.170,341,27,36,,
T,2019-04-06 03:25:46,30.33619898,78.05609740,5,671.000,,6.250,332,13,18,,
T,2019-04-06 03:25:47,30.33627506,78.05607839,5,670.000,,5.620,340,12,20,,
T,2019-04-06 03:25:48,30.33632282,78.05605869,5,670.000,,5.620,340,12,21,,
T,2019-04-06 03:25:49,30.33638344,78.05602168,6,671.000,,5.820,333,12,21,,
T,2019-04-06 03:25:50,30.33642676,78.05598933,8,671.000,,5.300,329,12,19,,
T,2019-04-06 03:25:51,30.33647047,78.05595779,8,672.000,,4.770,331,12,19,,
T,2019-04-06 03:25:52,30.33651232,78.05594833,8,672.000,,5.260,335,11,20,,
T,2019-04-06 03:25:53,30.33656051,78.05591908,8,672.000,,5.660,327,10,19,,
T,2019-04-06 03:25:54,30.33660496,78.05588570,9,672.000,,4.670,333,11,19,,
T,2019-04-06 03:25:55,30.33663788,78.05588385,8,670.000,,2.910,334,13,21,,
T,2019-04-06 03:25:56,30.33665602,78.05587055,8,669.000,,2.420,301,13,20,,
T,2019-04-06 03:25:57,30.33664717,78.05584301,8,668.000,,2.940,252,14,20,,
T,2019-04-06 03:25:58,30.33662398,78.05579617,8,667.000,,4.240,244,15,21,,
T,2019-04-06 03:25:59,30.33658274,78.05574515,8,667.000,,5.540,234,13,19,,
T,2019-04-06 03:26:00,30.33654537,78.05569474,8,666.000,,6.340,233,15,19,,
T,2019-04-06 03:26:01,30.33652177,78.05562345,8,666.000,,6.980,234,11,14,,
T,2019-04-06 03:26:02,30.33648657,78.05555213,8,666.000,,7.680,231,15,20,,
T,2019-04-06 03:26:03,30.33645879,78.05548996,9,666.000,,7.370,237,15,19,,
T,2019-04-06 03:26:04,30.33641417,78.05543011,9,666.000,,7.700,233,13,18,,
T,2019-04-06 03:26:05,30.33636185,78.05535524,9,665.000,,7.830,233,13,18,,
T,2019-04-06 03:26:06,30.33633022,78.05529403,9,666.000,,7.150,231,13,18,,
T,2019-04-06 03:26:07,30.33629125,78.05523713,9,666.000,,7.290,233,11,18,,
T,2019-04-06 03:26:08,30.33623495,78.05516713,9,666.000,,7.620,231,11,18,,
T,2019-04-06 03:26:09,30.33620251,78.05510551,9,668.000,,6.660,226,13,19,,
T,2019-04-06 03:26:10,30.33615591,78.05507322,8,668.000,,6.770,221,14,20,,
T,2019-04-06 03:26:11,30.33612283,78.05502680,8,668.000,,6.120,228,14,20,,
T,2019-04-06 03:26:12,30.33609137,78.05497501,8,669.000,,5.520,231,15,19,,
T,2019-04-06 03:26:13,30.33606174,78.05493153,8,668.000,,4.030,234,16,19,,
T,2019-04-06 03:26:14,30.33606662,78.05491417,8,668.000,,2.470,292,16,19,,
T,2019-04-06 03:26:15,30.33608124,78.05489542,8,668.000,,2.600,336,16,20,,
T,2019-04-06 03:26:16,30.33610834,78.05488656,8,668.000,,3.840,354,16,20,,
T,2019-04-06 03:26:17,30.33614589,78.05494231,6,666.000,,4.660,39,14,17,,
T,2019-04-06 03:26:18,30.33620553,78.05497031,6,665.000,,5.300,42,14,17,,
T,2019-04-06 03:26:19,30.33624966,78.05499154,12,664.000,,5.330,33,15,20,,
T,2019-04-06 03:26:20,30.33628807,78.05506650,8,664.000,,6.820,48,10,16,,
T,2019-04-06 03:26:21,30.33633294,78.05512006,9,663.000,,7.330,49,13,19,,
T,2019-04-06 03:26:22,30.33636236,78.05517854,9,664.000,,7.400,53,12,18,,
T,2019-04-06 03:26:23,30.33640295,78.05526006,9,667.000,,8.140,51,15,20,,
T,2019-04-06 03:26:24,30.33644047,78.05533723,8,668.000,,8.780,51,12,17,,
T,2019-04-06 03:26:25,30.33648758,78.05540712,9,668.000,,8.250,50,13,20,,
T,2019-04-06 03:26:26,30.33653666,78.05548429,9,668.000,,9.200,52,13,19,,
T,2019-04-06 03:26:27,30.33658809,78.05555937,14,668.000,,9.200,52,13,19,,
T,2019-04-06 03:26:28,30.33662072,78.05565462,11,668.000,,9.590,51,14,18,,
T,2019-04-06 03:26:29,30.33664880,78.05574226,9,666.000,,10.150,58,16,19,,
T,2019-04-06 03:26:30,30.33669960,78.05581419,9,667.000,,9.830,56,15,19,,
T,2019-04-06 03:26:31,30.33677657,78.05588075,9,668.000,,9.970,50,14,19,,
T,2019-04-06 03:26:32,30.33683300,78.05596727,9,669.000,,9.860,55,14,19,,
T,2019-04-06 03:26:33,30.33690006,78.05604723,9,670.000,,10.070,50,14,19,,
T,2019-04-06 03:26:34,30.33696199,78.05612065,9,669.000,,10.140,46,12,18,,
T,2019-04-06 03:26:35,30.33701512,78.05621647,9,669.000,,9.940,47,14,20,,
T,2019-04-06 03:26:36,30.33706923,78.05630291,11,670.000,,10.050,50,12,18,,
T,2019-04-06 03:26:37,30.33712876,78.05639152,11,670.000,,10.340,48,12,18,,
T,2019-04-06 03:26:38,30.33718097,78.05645667,11,668.000,,10.080,42,13,19,,
T,2019-04-06 03:26:39,30.33723633,78.05654995,11,669.000,,10.130,45,14,20,,
T,2019-04-06 03:26:40,30.33729336,78.05659723,9,667.000,,10.410,48,14,20,,
T,2019-04-06 03:26:41,30.33735924,78.05667984,9,667.000,,10.400,46,13,19,,
T,2019-04-06 03:26:42,30.33741341,78.05677139,11,667.000,,10.630,49,13,20,,
T,2019-04-06 03:26:43,30.33748268,78.05686941,11,667.000,,10.570,46,12,19,,
T,2019-04-06 03:26:44,30.33757540,78.05693752,11,667.000,,10.390,41,12,19,,
T,2019-04-06 03:26:45,30.33764066,78.05702168,9,667.000,,10.790,51,11,17,,
T,2019-04-06 03:26:46,30.33769779,78.05710990,9,667.000,,10.820,52,11,17,,
T,2019-04-06 03:26:47,30.33776265,78.05719586,11,668.000,,10.630,51,12,20,,
T,2019-04-06 03:26:48,30.33780592,78.05728979,14,668.000,,10.600,56,11,19,,
T,2019-04-06 03:26:49,30.33785524,78.05739853,11,669.000,,10.870,57,16,35,,
T,2019-04-06 03:26:50,30.33792319,78.05749749,11,669.000,,10.850,52,17,35,,
T,2019-04-06 03:26:51,30.33797145,78.05760457,9,669.000,,11.190,56,17,35,,
T,2019-04-06 03:26:52,30.33803020,78.05770768,8,669.000,,11.340,56,17,36,,
T,2019-04-06 03:26:53,30.33808969,78.05780616,8,670.000,,11.780,56,16,21,,
T,2019-04-06 03:26:54,30.33814258,78.05789751,9,669.000,,11.650,55,15,21,,
T,2019-04-06 03:26:55,30.33819182,78.05800756,8,668.000,,11.270,54,15,21,,
T,2019-04-06 03:26:56,30.33826014,78.05811042,8,669.000,,11.900,53,14,19,,
T,2019-04-06 03:26:57,30.33832378,78.05821154,8,669.000,,11.620,59,13,19,,
T,2019-04-06 03:26:58,30.33838424,78.05830227,8,669.000,,11.370,60,13,19,,
T,2019-04-06 03:26:59,30.33845413,78.05838353,9,670.000,,11.170,57,13,19,,
T,2019-04-06 03:27:00,30.33850799,78.05847922,9,670.000,,11.520,54,14,20,,
T,2019-04-06 03:27:01,30.33859180,78.05856597,9,671.000,,11.310,50,11,18,,
T,2019-04-06 03:27:02,30.33863073,78.05867588,8,671.000,,11.270,47,14,21,,
T,2019-04-06 03:27:03,30.33870228,78.05875445,8,671.000,,11.250,45,14,21,,
T,2019-04-06 03:27:04,30.33878029,78.05883230,8,671.000,,11.030,41,15,20,,
T,2019-04-06 03:27:05,30.33883769,78.05889087,8,669.000,,11.000,38,13,20,,
T,2019-04-06 03:27:06,30.33891367,78.05896309,9,669.000,,11.010,38,13,20,,
T,2019-04-06 03:27:07,30.33899895,78.05903904,8,670.000,,11.300,40,13,20,,
T,2019-04-06 03:27:08,30.33908685,78.05910651,8,670.000,,11.300,38,11,19,,
T,2019-04-06 03:27:09,30.33916985,78.05917946,8,670.000,,11.260,39,12,20,,
T,2019-04-06 03:27:10,30.33923862,78.05924820,8,670.000,,11.070,39,13,21,,
T,2019-04-06 03:27:11,30.33931518,78.05932079,8,670.000,,11.180,36,13,20,,
T,2019-04-06 03:27:12,30.33939809,78.05939703,8,669.000,,11.510,37,15,19,,
T,2019-04-06 03:27:13,30.33947205,78.05947102,8,671.000,,10.630,35,15,21,,
T,2019-04-06 03:27:14,30.33955359,78.05954361,6,672.000,,11.230,35,14,19,,
T,2019-04-06 03:27:15,30.33961579,78.05960590,6,671.000,,10.940,37,16,21,,
T,2019-04-06 03:27:16,30.33970935,78.05968405,8,672.000,,11.530,36,16,21,,
T,2019-04-06 03:27:17,30.33979243,78.05974449,8,672.000,,11.210,34,14,19,,
T,2019-04-06 03:27:18,30.33988070,78.05980970,8,673.000,,11.750,35,16,21,,
T,2019-04-06 03:27:19,30.33996910,78.05988146,8,673.000,,11.600,36,15,20,,
T,2019-04-06 03:27:20,30.34004869,78.05994893,8,673.000,,11.840,38,15,21,,
T,2019-04-06 03:27:21,30.34012951,78.06001701,8,673.000,,11.540,36,15,21,,
T,2019-04-06 03:27:22,30.34021764,78.06007955,8,673.000,,11.450,34,16,20,,
T,2019-04-06 03:27:23,30.34030879,78.06011969,8,676.000,,11.020,34,15,20,,
T,2019-04-06 03:27:24,30.34039500,78.06018845,9,677.000,,11.360,35,15,20,,
T,2019-04-06 03:27:25,30.34049204,78.06023362,8,677.000,,11.420,24,15,21,,
T,2019-04-06 03:27:26,30.34058303,78.06027618,9,677.000,,10.630,20,14,18,,
T,2019-04-06 03:27:27,30.34064603,78.06029759,9,676.000,,10.090,19,13,18,,
T,2019-04-06 03:27:28,30.34073211,78.06031690,9,676.000,,9.450,12,14,20,,
T,2019-04-06 03:27:29,30.34081353,78.06032290,11,675.000,,9.000,4,14,20,,
T,2019-04-06 03:27:30,30.34090155,78.06033920,9,675.000,,8.870,9,13,21,,
T,2019-04-06 03:27:31,30.34099110,78.06035908,9,677.000,,9.760,16,13,21,,
T,2019-04-06 03:27:32,30.34108921,78.06039737,9,677.000,,9.270,18,13,20,,
T,2019-04-06 03:27:33,30.34116926,78.06042912,9,677.000,,9.370,21,14,21,,
T,2019-04-06 03:27:34,30.34125110,78.06046454,9,677.000,,9.470,23,14,21,,
T,2019-04-06 03:27:35,30.34135953,78.06049629,9,679.000,,10.550,24,14,19,,
T,2019-04-06 03:27:36,30.34143618,78.06050632,9,681.000,,9.030,17,14,19,,
T,2019-04-06 03:27:37,30.34150995,78.06053931,9,683.000,,8.080,17,12,17,,
T,2019-04-06 03:27:38,30.34157423,78.06055109,9,683.000,,7.760,16,13,20,,
T,2019-04-06 03:27:39,30.34164164,78.06058456,9,684.000,,7.550,16,13,20,,
T,2019-04-06 03:27:40,30.34170512,78.06061569,9,683.000,,7.860,20,13,20,,
T,2019-04-06 03:27:41,30.34178146,78.06063673,9,683.000,,8.060,9,13,20,,
T,2019-04-06 03:27:42,30.34185905,78.06064474,9,683.000,,8.130,5,14,21,,
T,2019-04-06 03:27:43,30.34193615,78.06064654,8,683.000,,8.290,5,12,19,,
T,2019-04-06 03:27:44,30.34202075,78.06066496,8,682.000,,8.780,8,13,21,,
T,2019-04-06 03:27:45,30.34208444,78.06068049,8,682.000,,8.870,8,11,18,,
T,2019-04-06 03:27:46,30.34216300,78.06070896,8,682.000,,8.740,10,13,21,,
T,2019-04-06 03:27:47,30.34223166,78.06074067,8,682.000,,8.550,15,12,18,,
T,2019-04-06 03:27:48,30.34230112,78.06076041,11,683.000,,8.260,14,13,19,,
T,2019-04-06 03:27:49,30.34236630,78.06075617,11,682.000,,8.510,7,13,19,,
T,2019-04-06 03:27:50,30.34243512,78.06077324,9,682.000,,8.880,14,11,17,,
T,2019-04-06 03:27:51,30.34251581,78.06079691,9,682.000,,8.990,15,11,17,,
T,2019-04-06 03:27:52,30.34260081,78.06081208,9,683.000,,9.300,15,14,19,,
T,2019-04-06 03:27:53,30.34269540,78.06084383,9,683.000,,9.780,16,14,19,,
T,2019-04-06 03:27:54,30.34277481,78.06085763,8,684.000,,10.110,16,15,20,,
T,2019-04-06 03:27:55,30.34286784,78.06088647,8,684.000,,10.230,14,15,20,,
T,2019-04-06 03:27:56,30.34296552,78.06091514,8,685.000,,10.770,15,14,19,,
T,2019-04-06 03:27:57,30.34305310,78.06095478,8,686.000,,10.810,15,15,20,,
T,2019-04-06 03:27:58,30.34314466,78.06098997,11,687.000,,10.660,17,15,20,,
T,2019-04-06 03:27:59,30.34324139,78.06104187,9,688.000,,10.750,15,14,19,,
T,2019-04-06 03:28:00,30.34334731,78.06107374,9,689.000,,11.060,16,14,20,,
T,2019-04-06 03:28:01,30.34344485,78.06108915,8,691.000,,10.420,18,15,20,,
T,2019-04-06 03:28:02,30.34354572,78.06112839,8,691.000,,11.090,18,14,19,,
T,2019-04-06 03:28:03,30.34364636,78.06115960,8,693.000,,11.320,16,14,19,,
T,2019-04-06 03:28:04,30.34374706,78.06119952,8,693.000,,11.200,19,15,20,,
T,2019-04-06 03:28:05,30.34384847,78.06125596,8,694.000,,10.990,19,12,17,,
T,2019-04-06 03:28:06,30.34393775,78.06128696,6,695.000,,10.870,19,12,17,,
T,2019-04-06 03:28:07,30.34401240,78.06134130,6,695.000,,10.580,22,13,18,,
T,2019-04-06 03:28:08,30.34411930,78.06138717,6,695.000,,11.050,20,13,17,,
T,2019-04-06 03:28:09,30.34420706,78.06143290,6,697.000,,10.260,24,13,17,,
T,2019-04-06 03:28:10,30.34429184,78.06147581,8,697.000,,10.260,24,15,19,,
T,2019-04-06 03:28:11,30.34439492,78.06150972,6,696.000,,10.760,21,15,19,,
T,2019-04-06 03:28:12,30.34448412,78.06153925,6,697.000,,11.060,20,12,16,,
T,2019-04-06 03:28:13,30.34457515,78.06157670,6,698.000,,11.120,21,14,19,,
T,2019-04-06 03:28:14,30.34468484,78.06162002,6,699.000,,11.300,19,13,18,,
T,2019-04-06 03:28:15,30.34478364,78.06165633,6,699.000,,11.560,18,13,17,,
T,2019-04-06 03:28:16,30.34487963,78.06169645,6,699.000,,11.570,21,13,17,,
T,2019-04-06 03:28:17,30.34497839,78.06174057,6,700.000,,11.720,21,12,18,,
T,2019-04-06 03:28:18,30.34507456,78.06178339,6,700.000,,11.650,22,12,17,,
T,2019-04-06 03:28:19,30.34517735,78.06182722,6,700.000,,11.940,21,12,17,,
T,2019-04-06 03:28:20,30.34528021,78.06186733,6,699.000,,12.650,20,12,18,,
T,2019-04-06 03:28:21,30.34538929,78.06192569,6,699.000,,11.440,20,12,18,,
T,2019-04-06 03:28:22,30.34548899,78.06195094,6,700.000,,11.350,18,14,18,,
T,2019-04-06 03:28:23,30.34559220,78.06198535,6,700.000,,11.850,15,14,19,,
T,2019-04-06 03:28:24,30.34569745,78.06201961,8,700.000,,11.760,15,13,17,,
T,2019-04-06 03:28:25,30.34580891,78.06204757,8,700.000,,11.960,15,13,18,,
T,2019-04-06 03:28:26,30.34591008,78.06207670,8,700.000,,12.000,13,13,18,,
T,2019-04-06 03:28:27,30.34603463,78.06211098,8,699.000,,11.450,13,12,18,,
T,2019-04-06 03:28:28,30.34613483,78.06212815,8,699.000,,11.600,9,12,18,,
T,2019-04-06 03:28:29,30.34624025,78.06215177,6,699.000,,12.460,8,13,19,,
T,2019-04-06 03:28:30,30.34636785,78.06217484,6,700.000,,12.540,9,12,17,,
T,2019-04-06 03:28:31,30.34646140,78.06218420,8,700.000,,12.370,9,14,19,,
T,2019-04-06 03:28:32,30.34656850,78.06219834,8,699.000,,12.310,7,14,19,,
T,2019-04-06 03:28:33,30.34668028,78.06220910,8,699.000,,12.460,6,12,17,,
T,2019-04-06 03:28:34,30.34680932,78.06223668,9,699.000,,12.520,6,16,19,,
T,2019-04-06 03:28:35,30.34693594,78.06225126,8,697.000,,12.380,7,10,15,,
T,2019-04-06 03:28:36,30.34704209,78.06225772,9,698.000,,11.690,6,10,15,,
T,2019-04-06 03:28:37,30.34715482,78.06227551,9,699.000,,12.180,6,13,19,,
T,2019-04-06 03:28:38,30.34725843,78.06228058,9,699.000,,11.820,7,11,16,,
T,2019-04-06 03:28:39,30.34735694,78.06228957,8,699.000,,12.080,6,13,19,,
T,2019-04-06 03:28:40,30.34747228,78.06231881,8,699.000,,11.930,7,12,17,,
T,2019-04-06 03:28:41,30.34755820,78.06231816,8,697.000,,11.810,6,12,17,,
T,2019-04-06 03:28:42,30.34766976,78.06232316,8,698.000,,11.480,5,11,16,,
T,2019-04-06 03:28:43,30.34778234,78.06235388,8,696.000,,11.750,7,11,16,,
T,2019-04-06 03:28:44,30.34788750,78.06236957,11,696.000,,11.750,7,14,18,,
T,2019-04-06 03:28:45,30.34800788,78.06235629,9,699.000,,12.150,2,11,18,,
T,2019-04-06 03:28:46,30.34811750,78.06235823,9,699.000,,12.150,2,11,17,,
T,2019-04-06 03:28:47,30.34821776,78.06236239,9,699.000,,12.110,2,12,18,,
T,2019-04-06 03:28:48,30.34832538,78.06235839,8,699.000,,12.060,1,12,18,,
T,2019-04-06 03:28:49,30.34844137,78.06236365,8,699.000,,12.200,360,12,18,,
T,2019-04-06 03:28:50,30.34855429,78.06236164,8,700.000,,12.080,359,11,16,,
T,2019-04-06 03:28:51,30.34867062,78.06235707,8,700.000,,12.590,360,11,19,,
T,2019-04-06 03:28:52,30.34878908,78.06235933,8,701.000,,12.690,3,11,16,,
T,2019-04-06 03:28:53,30.34889482,78.06236063,6,702.000,,12.310,0,11,18,,
T,2019-04-06 03:28:54,30.34898750,78.06235507,8,701.000,,12.400,360,11,18,,
T,2019-04-06 03:28:55,30.34910100,78.06236758,6,701.000,,12.010,359,13,19,,
T,2019-04-06 03:28:56,30.34921832,78.06237338,6,700.000,,10.930,351,12,18,,
T,2019-04-06 03:28:57,30.34931746,78.06236090,8,701.000,,11.360,354,11,18,,
T,2019-04-06 03:28:58,30.34941333,78.06234200,8,701.000,,11.310,352,12,18,,
T,2019-04-06 03:28:59,30.34952604,78.06233660,8,701.000,,12.000,356,12,18,,
T,2019-04-06 03:29:00,30.34962598,78.06232793,9,701.000,,11.950,354,11,18,,
T,2019-04-06 03:29:01,30.34974298,78.06230985,8,701.000,,11.990,353,11,18,,
T,2019-04-06 03:29:02,30.34986711,78.06231047,8,701.000,,12.350,354,12,18,,
T,2019-04-06 03:29:03,30.34997793,78.06229779,9,701.000,,12.340,354,12,18,,
T,2019-04-06 03:29:04,30.35010161,78.06229983,9,701.000,,12.930,353,12,18,,
T,2019-04-06 03:29:05,30.35019962,78.06229573,9,700.000,,12.150,358,11,19,,
T,2019-04-06 03:29:06,30.35030803,78.06229433,9,700.000,,12.130,2,11,19,,
T,2019-04-06 03:29:07,30.35040499,78.06229815,9,700.000,,11.820,3,12,19,,
T,2019-04-06 03:29:08,30.35051680,78.06231157,9,700.000,,11.370,0,11,18,,
T,2019-04-06 03:29:09,30.35062926,78.06233113,9,699.000,,12.110,8,11,18,,
T,2019-04-06 03:29:10,30.35075045,78.06237528,8,699.000,,12.020,16,12,18,,
T,2019-04-06 03:29:11,30.35085525,78.06241437,6,699.000,,11.900,16,12,19,,
T,2019-04-06 03:29:12,30.35095073,78.06244308,6,699.000,,11.660,16,12,19,,
T,2019-04-06 03:29:13,30.35104505,78.06247276,6,699.000,,11.790,16,13,19,,
T,2019-04-06 03:29:14,30.35115315,78.06249154,6,700.000,,11.420,21,12,17,,
T,2019-04-06 03:29:15,30.35124800,78.06252329,6,701.000,,11.690,15,13,17,,
T,2019-04-06 03:29:16,30.35134925,78.06255489,6,700.000,,11.460,17,11,17,,
T,2019-04-06 03:29:17,30.35144516,78.06259037,6,701.000,,11.150,15,13,19,,
T,2019-04-06 03:29:18,30.35153439,78.06263389,8,701.000,,11.460,18,13,18,,
T,2019-04-06 03:29:19,30.35163668,78.06266039,6,702.000,,11.220,14,13,18,,
T,2019-04-06 03:29:20,30.35173035,78.06268818,6,702.000,,11.520,17,12,17,,
T,2019-04-06 03:29:21,30.35182385,78.06272716,6,702.000,,11.230,18,12,17,,
T,2019-04-06 03:29:22,30.35192130,78.06276118,6,701.000,,11.010,17,12,17,,
T,2019-04-06 03:29:23,30.35201593,78.06278252,6,702.000,,11.300,15,13,18,,
T,2019-04-06 03:29:24,30.35211519,78.06282126,6,702.000,,11.480,13,13,18,,
T,2019-04-06 03:29:25,30.35222046,78.06284548,6,705.000,,11.360,12,11,16,,
T,2019-04-06 03:29:26,30.35232031,78.06288896,6,702.000,,11.480,17,13,19,,
T,2019-04-06 03:29:27,30.35242815,78.06292410,6,703.000,,11.350,17,12,17,,
T,2019-04-06 03:29:28,30.35252065,78.06295610,8,703.000,,11.090,20,14,19,,
T,2019-04-06 03:29:29,30.35259175,78.06299938,9,703.000,,10.580,22,11,16,,
T,2019-04-06 03:29:30,30.35268533,78.06302765,9,704.000,,11.240,19,13,18,,
T,2019-04-06 03:29:31,30.35278170,78.06306088,11,704.000,,10.300,20,13,17,,
T,2019-04-06 03:29:32,30.35286931,78.06309670,12,704.000,,10.300,20,14,19,,
T,2019-04-06 03:29:33,30.35292882,78.06313165,9,705.000,,8.690,23,14,19,,
T,2019-04-06 03:29:34,30.35298324,78.06315373,9,706.000,,6.720,26,12,16,,
T,2019-04-06 03:29:35,30.35303296,78.06317269,9,705.000,,5.080,21,13,18,,
T,2019-04-06 03:29:36,30.35308680,78.06319436,9,705.000,,4.770,25,12,16,,
T,2019-04-06 03:29:37,30.35312567,78.06322062,8,705.000,,4.920,21,13,17,,
T,2019-04-06 03:29:38,30.35317231,78.06324212,8,706.000,,4.360,18,13,17,,
T,2019-04-06 03:29:39,30.35321880,78.06325277,8,705.000,,5.440,25,13,17,,
T,2019-04-06 03:29:40,30.35328278,78.06329340,8,706.000,,6.120,28,11,16,,
T,2019-04-06 03:29:41,30.35333154,78.06331745,6,706.000,,6.490,25,11,16,,
T,2019-04-06 03:29:42,30.35338426,78.06334586,8,708.000,,7.150,22,15,19,,
T,2019-04-06 03:29:43,30.35344875,78.06337303,8,708.000,,6.990,17,15,19,,
T,2019-04-06 03:29:44,30.35350896,78.06339468,9,708.000,,6.990,17,11,15,,
T,2019-04-06 03:29:45,30.35357912,78.06343570,11,708.000,,7.230,23,8,15,,
T,2019-04-06 03:29:46,30.35365877,78.06345919,8,707.000,,8.680,21,12,33,,
T,2019-04-06 03:29:47,30.35370677,78.06349662,6,707.000,,8.450,22,12,18,,
T,2019-04-06 03:29:48,30.35378451,78.06353570,8,707.000,,9.450,25,9,17,,
T,2019-04-06 03:29:49,30.35386292,78.06358585,9,708.000,,9.550,26,9,17,,
T,2019-04-06 03:29:50,30.35395377,78.06361339,9,707.000,,9.950,22,11,15,,
T,2019-04-06 03:29:51,30.35406118,78.06366388,9,705.000,,10.420,19,11,15,,
T,2019-04-06 03:29:52,30.35415018,78.06369895,11,705.000,,10.420,19,10,16,,
T,2019-04-06 03:29:53,30.35427283,78.06371671,8,705.000,,10.140,19,10,16,,
T,2019-04-06 03:29:54,30.35438426,78.06375633,8,706.000,,10.440,20,13,17,,
T,2019-04-06 03:29:55,30.35446761,78.06378614,8,706.000,,10.280,21,12,17,,
T,2019-04-06 03:29:56,30.35455565,78.06382938,8,707.000,,10.570,21,14,19,,
T,2019-04-06 03:29:57,30.35464340,78.06385186,8,708.000,,10.340,19,13,17,,
T,2019-04-06 03:29:58,30.35473571,78.06388586,8,708.000,,10.720,22,13,17,,
T,2019-04-06 03:29:59,30.35482548,78.06392753,9,708.000,,10.720,22,12,17,,
T,2019-04-06 03:30:00,30.35492145,78.06398337,8,710.000,,10.640,24,12,17,,
T,2019-04-06 03:30:01,30.35500622,78.06403188,6,708.000,,10.550,29,12,18,,
T,2019-04-06 03:30:02,30.35511460,78.06408837,6,709.000,,11.600,28,13,18,,
T,2019-04-06 03:30:03,30.35519880,78.06414684,6,711.000,,11.500,31,13,17,,
T,2019-04-06 03:30:04,30.35527965,78.06421274,6,712.000,,11.460,35,13,17,,
T,2019-04-06 03:30:05,30.35537275,78.06428410,6,713.000,,11.060,36,13,17,,
T,2019-04-06 03:30:06,30.35545522,78.06436386,6,714.000,,11.490,39,11,18,,
T,2019-04-06 03:30:07,30.35554187,78.06444834,6,715.000,,11.350,42,11,18,,
T,2019-04-06 03:30:08,30.35561966,78.06452435,6,715.000,,11.740,43,11,19,,
T,2019-04-06 03:30:09,30.35569301,78.06459825,6,715.000,,12.010,42,13,19,,
T,2019-04-06 03:30:10,30.35575827,78.06469733,6,715.000,,11.320,43,12,18,,
T,2019-04-06 03:30:11,30.35583729,78.06477789,6,714.000,,11.870,45,12,17,,
T,2019-04-06 03:30:12,30.35590958,78.06485829,8,714.000,,11.770,46,12,17,,
T,2019-04-06 03:30:13,30.35598319,78.06494652,8,713.000,,11.770,46,14,19,,
T,2019-04-06 03:30:14,30.35605829,78.06503382,8,714.000,,12.080,44,12,16,,
T,2019-04-06 03:30:15,30.35613727,78.06512045,9,714.000,,12.080,44,12,16,,
T,2019-04-06 03:30:16,30.35621554,78.06520830,8,714.000,,11.780,45,12,16,,
T,2019-04-06 03:30:17,30.35629678,78.06529164,8,715.000,,11.760,43,11,16,,
T,2019-04-06 03:30:18,30.35637414,78.06538405,8,714.000,,12.310,44,11,16,,
T,2019-04-06 03:30:19,30.35644476,78.06547594,8,713.000,,12.050,47,12,17,,
T,2019-04-06 03:30:20,30.35652889,78.06556734,8,713.000,,11.970,44,12,17,,
T,2019-04-06 03:30:21,30.35660645,78.06565396,11,713.000,,11.970,44,10,15,,
T,2019-04-06 03:30:22,30.35669035,78.06574850,15,713.000,,12.170,44,8,16,,
T,2019-04-06 03:30:23,30.35675843,78.06583065,11,713.000,,11.310,41,8,16,,
T,2019-04-06 03:30:23,30.35680421,78.06587671,11,712.000,,11.280,44,15,34,,
T,2019-04-06 03:30:25,30.35692412,78.06596742,9,713.000,,11.830,36,16,34,,
T,2019-04-06 03:30:26,30.35704172,78.06605646,8,712.000,,11.940,33,16,34,,
T,2019-04-06 03:30:27,30.35715366,78.06612099,6,713.000,,12.070,29,17,34,,
T,2019-04-06 03:30:28,30.35725105,78.06617175,5,715.000,,11.880,28,17,34,,
T,2019-04-06 03:30:29,30.35734651,78.06622521,5,715.000,,11.980,26,27,34,,
T,2019-04-06 03:30:30,30.35745328,78.06626975,5,715.000,,12.020,25,27,34,,
T,2019-04-06 03:30:31,30.35755328,78.06631542,5,717.000,,11.530,23,30,35,,
T,2019-04-06 03:30:32,30.35765550,78.06636291,5,718.000,,11.430,23,30,35,,
T,2019-04-06 03:30:33,30.35775781,78.06640105,5,720.000,,11.690,21,30,35,,
T,2019-04-06 03:30:34,30.35786026,78.06644585,5,721.000,,11.310,23,30,35,,
T,2019-04-06 03:30:35,30.35795991,78.06648635,5,721.000,,11.710,22,16,19,,
T,2019-04-06 03:30:36,30.35805744,78.06653437,5,722.000,,11.640,21,11,16,,
T,2019-04-06 03:30:37,30.35814834,78.06658235,5,722.000,,11.480,22,10,13,,
T,2019-04-06 03:30:38,30.35824574,78.06664006,5,723.000,,11.780,24,15,19,,
T,2019-04-06 03:30:39,30.35833970,78.06668808,5,724.000,,11.580,24,15,19,,
T,2019-04-06 03:30:40,30.35843508,78.06673733,6,724.000,,11.580,24,13,17,,
T,2019-04-06 03:30:41,30.35853362,78.06677243,9,724.000,,11.520,22,14,19,,
T,2019-04-06 03:30:42,30.35862063,78.06680182,6,727.000,,11.300,22,14,19,,
T,2019-04-06 03:30:43,30.35871122,78.06683996,6,723.000,,10.560,23,14,18,,
T,2019-04-06 03:30:44,30.35880954,78.06687592,6,725.000,,11.010,23,12,17,,
T,2019-04-06 03:30:44,30.35886970,78.06690734,6,723.000,,11.070,24,8,34,,
T,2019-04-06 03:30:47,30.35908858,78.06701416,6,725.000,,11.940,23,17,34,,
T,2019-04-06 03:30:48,30.35919166,78.06707984,6,725.000,,11.930,24,17,34,,
T,2019-04-06 03:30:49,30.35930141,78.06713389,6,726.000,,12.470,23,17,34,,
T,2019-04-06 03:30:50,30.35938898,78.06717244,5,727.000,,11.490,18,21,34,,
T,2019-04-06 03:30:51,30.35949348,78.06718937,5,727.000,,11.070,12,24,34,,
T,2019-04-06 03:30:52,30.35959504,78.06722415,5,728.000,,10.790,14,27,34,,
T,2019-04-06 03:30:53,30.35968126,78.06722462,5,729.000,,9.630,4,27,34,,
T,2019-04-06 03:30:54,30.35975916,78.06724046,5,728.000,,8.050,13,29,34,,
T,2019-04-06 03:30:55,30.35983389,78.06725980,5,729.000,,7.630,14,15,18,,
T,2019-04-06 03:30:56,30.35990230,78.06728198,5,729.000,,7.540,14,15,18,,
T,2019-04-06 03:30:57,30.35998071,78.06729756,5,729.000,,8.370,7,12,16,,
T,2019-04-06 03:30:58,30.36005317,78.06731035,5,729.000,,8.460,7,12,19,,
T,2019-04-06 03:30:59,30.36014129,78.06730817,5,731.000,,8.190,9,16,19,,
T,2019-04-06 03:31:00,30.36022006,78.06731605,6,730.000,,8.460,7,12,16,,
T,2019-04-06 03:31:01,30.36030349,78.06732337,8,730.000,,9.150,3,13,16,,
T,2019-04-06 03:31:02,30.36038611,78.06732956,6,728.000,,9.280,3,13,17,,
T,2019-04-06 03:31:03,30.36047096,78.06733607,6,728.000,,9.700,6,11,15,,
T,2019-04-06 03:31:04,30.36055374,78.06733898,6,729.000,,10.350,8,11,18,,
T,2019-04-06 03:31:05,30.36068076,78.06737634,6,730.000,,10.700,6,11,18,,
T,2019-04-06 03:31:06,30.36077070,78.06738051,6,730.000,,9.960,6,15,18,,
T,2019-04-06 03:31:07,30.36084798,78.06739012,6,731.000,,8.690,5,14,17,,
T,2019-04-06 03:31:08,30.36092834,78.06739742,6,732.000,,10.470,10,14,17,,
T,2019-04-06 03:31:09,30.36102042,78.06742347,6,732.000,,10.760,12,12,18,,
T,2019-04-06 03:31:10,30.36111800,78.06743857,6,731.000,,10.210,8,12,18,,
T,2019-04-06 03:31:11,30.36122797,78.06743453,8,730.000,,10.850,7,13,18,,
T,2019-04-06 03:31:12,30.36129433,78.06748528,9,728.000,,9.410,20,13,17,,
T,2019-04-06 03:31:13,30.36137417,78.06751869,12,728.000,,9.410,20,13,17,,
T,2019-04-06 03:31:14,30.36145811,78.06753794,11,722.000,,9.820,19,10,16,,
T,2019-04-06 03:31:15,30.36158086,78.06758443,9,724.000,,11.390,21,13,18,,
T,2019-04-06 03:31:16,30.36168035,78.06762870,9,725.000,,11.260,21,13,18,,
T,2019-04-06 03:31:17,30.36176240,78.06768927,11,727.000,,11.220,21,13,18,,
T,2019-04-06 03:31:18,30.36185690,78.06773165,14,723.000,,11.230,21,11,15,,
T,2019-04-06 03:31:19,30.36195331,78.06775723,11,728.000,,11.060,23,12,16,,
T,2019-04-06 03:31:20,30.36206247,78.06781747,11,731.000,,10.880,25,11,16,,
T,2019-04-06 03:31:21,30.36215139,78.06786552,12,726.000,,10.880,25,11,16,,
T,2019-04-06 03:31:22,30.36226148,78.06791715,11,726.000,,11.650,24,11,16,,
T,2019-04-06 03:31:23,30.36235614,78.06796874,11,728.000,,12.020,25,14,19,,
T,2019-04-06 03:31:24,30.36245416,78.06802227,12,725.000,,12.020,25,11,16,,
T,2019-04-06 03:31:25,30.36254217,78.06808950,11,727.000,,11.090,26,11,16,,
T,2019-04-06 03:31:26,30.36262910,78.06814315,11,728.000,,10.880,30,11,16,,
T,2019-04-06 03:31:27,30.36271625,78.06820109,11,732.000,,11.280,29,11,15,,
T,2019-04-06 03:31:28,30.36277044,78.06829011,9,731.000,,11.090,31,11,15,,
T,2019-04-06 03:31:29,30.36285600,78.06835031,12,734.000,,11.100,31,12,18,,
T,2019-04-06 03:31:30,30.36296007,78.06841197,9,735.000,,10.790,34,10,18,,
T,2019-04-06 03:31:31,30.36304094,78.06847453,11,736.000,,10.790,34,10,18,,
T,2019-04-06 03:31:32,30.36311046,78.06855344,9,734.000,,11.320,36,13,18,,
T,2019-04-06 03:31:33,30.36319661,78.06864212,9,735.000,,11.790,36,12,16,,
T,2019-04-06 03:31:34,30.36327357,78.06871887,9,737.000,,11.700,38,10,15,,
T,2019-04-06 03:31:35,30.36335680,78.06879371,11,737.000,,11.700,38,10,15,,
T,2019-04-06 03:31:36,30.36344730,78.06885347,9,739.000,,11.620,38,10,15,,
T,2019-04-06 03:31:37,30.36352877,78.06892717,9,740.000,,11.470,41,15,18,,
T,2019-04-06 03:31:38,30.36360047,78.06900845,9,740.000,,10.030,40,12,15,,
T,2019-04-06 03:31:39,30.36367025,78.06907491,11,741.000,,10.030,40,12,15,,
T,2019-04-06 03:31:40,30.36372980,78.06914880,11,743.000,,10.020,40,12,15,,
T,2019-04-06 03:31:41,30.36378444,78.06921106,9,743.000,,8.000,42,14,32,,
T,2019-04-06 03:31:42,30.36385269,78.06925379,12,743.000,,8.230,38,16,32,,
T,2019-04-06 03:31:43,30.36392087,78.06931018,9,741.000,,9.910,36,16,32,,
T,2019-04-06 03:31:44,30.36400573,78.06936819,8,742.000,,9.910,33,18,33,,
T,2019-04-06 03:31:45,30.36409876,78.06943070,8,742.000,,10.780,35,23,33,,
T,2019-04-06 03:31:46,30.36417821,78.06949540,9,742.000,,10.780,35,15,19,,
T,2019-04-06 03:31:47,30.36425178,78.06958806,11,743.000,,10.780,36,15,19,,
T,2019-04-06 03:31:48,30.36433026,78.06965429,17,743.000,,10.780,36,12,17,,
T,2019-04-06 03:31:49,30.36433350,78.06981071,23,745.000,,10.910,56,12,17,,
T,2019-04-06 03:31:50,30.36447095,78.06982263,12,747.000,,11.150,37,17,34,,
T,2019-04-06 03:31:51,30.36458570,78.06988335,12,748.000,,11.890,32,17,34,,
T,2019-04-06 03:31:52,30.36467907,78.06994567,9,749.000,,11.450,34,17,34,,
T,2019-04-06 03:31:53,30.36477312,78.07000636,8,750.000,,11.700,34,17,34,,
T,2019-04-06 03:31:54,30.36486751,78.07007066,6,750.000,,11.830,33,23,34,,
T,2019-04-06 03:31:55,30.36495885,78.07014274,6,749.000,,11.800,34,25,34,,
T,2019-04-06 03:31:56,30.36504865,78.07022204,6,749.000,,12.010,36,27,34,,
T,2019-04-06 03:31:57,30.36513790,78.07029324,6,749.000,,11.830,35,27,34,,
T,2019-04-06 03:31:58,30.36522350,78.07036063,8,748.000,,11.780,36,27,34,,
T,2019-04-06 03:31:59,30.36532690,78.07041406,6,748.000,,12.070,34,29,34,,
T,2019-04-06 03:32:00,30.36541902,78.07047347,8,748.000,,11.870,33,16,19,,
T,2019-04-06 03:32:01,30.36550858,78.07054529,11,748.000,,11.900,33,12,15,,
T,2019-04-06 03:32:02,30.36558157,78.07055363,8,749.000,,11.460,35,15,19,,
T,2019-04-06 03:32:03,30.36566298,78.07063215,8,749.000,,11.660,34,15,19,,
T,2019-04-06 03:32:04,30.36575904,78.07070766,8,750.000,,11.750,36,12,16,,
T,2019-04-06 03:32:05,30.36582360,78.07078677,8,749.000,,11.740,35,14,19,,
T,2019-04-06 03:32:06,30.36590987,78.07085757,8,750.000,,11.740,35,15,18,,
T,2019-04-06 03:32:07,30.36599211,78.07093236,8,752.000,,11.800,34,12,17,,
T,2019-04-06 03:32:08,30.36609927,78.07100145,9,752.000,,12.180,34,12,17,,
T,2019-04-06 03:32:09,30.36618880,78.07108643,11,753.000,,12.230,37,10,15,,
T,2019-04-06 03:32:10,30.36627748,78.07116205,14,753.000,,12.220,37,10,15,,
T,2019-04-06 03:32:11,30.36639951,78.07122627,12,752.000,,12.130,37,10,15,,
T,2019-04-06 03:32:12,30.36651618,78.07129329,12,753.000,,11.870,32,15,19,,
T,2019-04-06 03:32:13,30.36661551,78.07134581,11,754.000,,11.990,30,15,19,,
T,2019-04-06 03:32:14,30.36670947,78.07140760,14,755.000,,11.990,30,11,15,,
T,2019-04-06 03:32:15,30.36680977,78.07149837,11,755.000,,12.150,34,11,15,,
T,2019-04-06 03:32:16,30.36688283,78.07159815,11,756.000,,11.730,41,11,16,,
T,2019-04-06 03:32:17,30.36696098,78.07167234,11,756.000,,11.560,42,10,17,,
T,2019-04-06 03:32:18,30.36704955,78.07173821,11,757.000,,11.960,37,14,19,,
T,2019-04-06 03:32:19,30.36713598,78.07181273,11,758.000,,11.960,37,14,19,,
T,2019-04-06 03:32:20,30.36720723,78.07189102,9,758.000,,11.340,39,14,19,,
T,2019-04-06 03:32:21,30.36727901,78.07198158,9,753.000,,11.750,41,10,15,,
T,2019-04-06 03:32:22,30.36734950,78.07207007,9,753.000,,11.720,42,12,19,,
T,2019-04-06 03:32:23,30.36743131,78.07217267,9,755.000,,11.560,40,11,17,,
T,2019-04-06 03:32:24,30.36751846,78.07226304,9,753.000,,11.210,40,10,18,,
T,2019-04-06 03:32:25,30.36759576,78.07233821,12,755.000,,11.210,40,10,18,,
T,2019-04-06 03:32:26,30.36767924,78.07243124,8,756.000,,11.460,41,10,18,,
T,2019-04-06 03:32:27,30.36774329,78.07250638,8,756.000,,11.280,42,15,19,,
T,2019-04-06 03:32:28,30.36781154,78.07257523,9,757.000,,11.330,45,11,15,,
T,2019-04-06 03:32:29,30.36787761,78.07265280,12,757.000,,11.020,45,6,14,,
T,2019-04-06 03:32:30,30.36794926,78.07272997,17,757.000,,11.040,44,11,32,,
T,2019-04-06 03:32:31,30.36802351,78.07279606,21,758.000,,10.810,41,11,32,,
T,2019-04-06 03:32:32,30.36811611,78.07292263,18,758.000,,12.130,48,15,34,,
T,2019-04-06 03:32:33,30.36820423,78.07298901,14,758.000,,11.440,44,15,34,,
T,2019-04-06 03:32:34,30.36826481,78.07309496,11,757.000,,10.720,48,24,34,,
T,2019-04-06 03:32:35,30.36832238,78.07319339,8,758.000,,11.460,52,25,34,,
T,2019-04-06 03:32:36,30.36837767,78.07327801,8,758.000,,10.880,56,25,34,,
T,2019-04-06 03:32:37,30.36843212,78.07339493,8,758.000,,11.440,56,27,34,,
T,2019-04-06 03:32:38,30.36846341,78.07349974,6,758.000,,11.590,61,27,34,,
T,2019-04-06 03:32:39,30.36851101,78.07361234,6,760.000,,11.590,64,27,34,,
T,2019-04-06 03:32:40,30.36857156,78.07372731,5,761.000,,11.660,65,27,34,,
T,2019-04-06 03:32:41,30.36861753,78.07383631,5,761.000,,11.890,66,28,34,,
T,2019-04-06 03:32:42,30.36867035,78.07394478,5,763.000,,11.610,61,13,15,,
T,2019-04-06 03:32:43,30.36872064,78.07405077,6,763.000,,11.610,61,13,15,,
T,2019-04-06 03:32:44,30.36878101,78.07414820,5,764.000,,11.400,55,13,15,,
T,2019-04-06 03:32:45,30.36885471,78.07423653,5,766.000,,11.770,49,14,19,,
T,2019-04-06 03:32:46,30.36893280,78.07433041,5,768.000,,11.810,44,11,15,,
T,2019-04-06 03:32:47,30.36900419,78.07441390,5,766.000,,11.930,43,12,17,,
T,2019-04-06 03:32:48,30.36908370,78.07447534,5,767.000,,11.600,40,11,17,,
T,2019-04-06 03:32:49,30.36916607,78.07456075,5,767.000,,12.060,42,11,18,,
T,2019-04-06 03:32:50,30.36924786,78.07465139,6,768.000,,12.130,43,11,18,,
T,2019-04-06 03:32:51,30.36933822,78.07475470,6,767.000,,12.050,43,13,18,,
T,2019-04-06 03:32:52,30.36942774,78.07484257,6,768.000,,12.350,42,13,18,,
T,2019-04-06 03:32:53,30.36951016,78.07492911,9,768.000,,12.350,42,12,17,,
T,2019-04-06 03:32:54,30.36959760,78.07499970,6,768.000,,12.180,40,13,18,,
T,2019-04-06 03:32:55,30.36967532,78.07508710,8,769.000,,11.900,44,13,18,,
T,2019-04-06 03:32:56,30.36973830,78.07516358,8,769.000,,11.770,45,11,16,,
T,2019-04-06 03:32:57,30.36981361,78.07525003,9,769.000,,11.770,45,12,17,,
T,2019-04-06 03:32:58,30.36989381,78.07536273,8,771.000,,11.660,47,12,17,,
T,2019-04-06 03:32:59,30.36996611,78.07545090,11,771.000,,11.660,47,11,17,,
T,2019-04-06 03:33:00,30.37004285,78.07556572,8,772.000,,12.430,52,11,17,,
T,2019-04-06 03:33:01,30.37011237,78.07566720,9,772.000,,12.430,52,12,18,,
T,2019-04-06 03:33:02,30.37017856,78.07576087,11,774.000,,12.090,51,10,16,,
T,2019-04-06 03:33:03,30.37024659,78.07585921,17,774.000,,12.090,51,10,16,,
T,2019-04-06 03:33:05,30.37039121,78.07607963,12,773.000,,11.930,49,16,34,,
T,2019-04-06 03:33:06,30.37044867,78.07617544,11,773.000,,11.590,48,16,34,,
T,2019-04-06 03:33:07,30.37049783,78.07624594,9,774.000,,10.030,54,17,34,,
T,2019-04-06 03:33:08,30.37056485,78.07631834,8,774.000,,9.450,48,21,35,,
T,2019-04-06 03:33:09,30.37059958,78.07636532,8,776.000,,7.140,50,24,35,,
T,2019-04-06 03:33:10,30.37064139,78.07640237,8,775.000,,6.390,46,24,35,,
T,2019-04-06 03:33:11,30.37067557,78.07644474,8,776.000,,6.150,44,26,35,,
T,2019-04-06 03:33:12,30.37070947,78.07649528,9,778.000,,6.270,47,26,35,,
T,2019-04-06 03:33:13,30.37075140,78.07653938,8,778.000,,6.300,44,26,35,,
T,2019-04-06 03:33:14,30.37081177,78.07661294,6,779.000,,8.030,44,27,35,,
T,2019-04-06 03:33:15,30.37086218,78.07666251,6,780.000,,7.770,43,29,35,,
T,2019-04-06 03:33:16,30.37091954,78.07676432,5,777.000,,8.240,46,29,35,,
T,2019-04-06 03:33:17,30.37097382,78.07680645,5,777.000,,8.500,45,29,35,,
T,2019-04-06 03:33:18,30.37103620,78.07686544,5,777.000,,8.670,42,16,19,,
T,2019-04-06 03:33:19,30.37109211,78.07691494,5,777.000,,9.090,41,16,19,,
T,2019-04-06 03:33:20,30.37115373,78.07697747,5,776.000,,9.090,41,12,19,,
T,2019-04-06 03:33:21,30.37119125,78.07707469,5,775.000,,9.550,44,12,19,,
T,2019-04-06 03:33:22,30.37125961,78.07713546,5,774.000,,9.500,40,14,20,,
T,2019-04-06 03:33:23,30.37133718,78.07720511,6,774.000,,9.750,35,13,18,,
T,2019-04-06 03:33:24,30.37141072,78.07725615,6,775.000,,9.090,33,12,19,,
T,2019-04-06 03:33:25,30.37147550,78.07730742,6,775.000,,8.900,33,12,19,,
T,2019-04-06 03:33:26,30.37154286,78.07735790,11,775.000,,8.900,33,12,19,,
T,2019-04-06 03:33:27,30.37158396,78.07735310,6,773.000,,6.640,27,13,19,,
T,2019-04-06 03:33:28,30.37165367,78.07737952,8,771.000,,6.640,14,11,18,,
T,2019-04-06 03:33:29,30.37171037,78.07738624,8,772.000,,6.730,10,11,18,,
T,2019-04-06 03:33:30,30.37176732,78.07738921,8,773.000,,7.640,3,10,18,,
T,2019-04-06 03:33:31,30.37183434,78.07739161,8,773.000,,8.320,4,11,20,,
T,2019-04-06 03:33:32,30.37191711,78.07738830,9,773.000,,8.500,358,10,18,,
T,2019-04-06 03:33:33,30.37199381,78.07738571,11,773.000,,8.500,358,12,18,,
T,2019-04-06 03:33:34,30.37208397,78.07739251,8,776.000,,9.900,4,12,18,,
T,2019-04-06 03:33:35,30.37217439,78.07740268,8,776.000,,10.050,5,12,18,,
T,2019-04-06 03:33:36,30.37226344,78.07741256,8,777.000,,9.650,4,11,19,,
T,2019-04-06 03:33:37,30.37235484,78.07742461,8,778.000,,9.890,5,11,19,,
T,2019-04-06 03:33:38,30.37243268,78.07745332,9,778.000,,9.890,8,10,18,,
T,2019-04-06 03:33:39,30.37253133,78.07746949,9,777.000,,9.870,11,12,19,,
T,2019-04-06 03:33:40,30.37262959,78.07747531,9,780.000,,10.040,13,12,19,,
T,2019-04-06 03:33:41,30.37271518,78.07750947,8,779.000,,9.740,25,11,18,,
T,2019-04-06 03:33:42,30.37279912,78.07754949,9,780.000,,10.180,22,11,20,,
T,2019-04-06 03:33:43,30.37288855,78.07758612,9,780.000,,10.450,19,11,18,,
T,2019-04-06 03:33:44,30.37298354,78.07762380,11,780.000,,10.780,20,10,19,,
T,2019-04-06 03:33:45,30.37307503,78.07766185,15,780.000,,10.780,20,10,19,,
T,2019-04-06 03:33:46,30.37317553,78.07772448,11,779.000,,11.160,23,10,19,,
T,2019-04-06 03:33:47,30.37325828,78.07776371,11,778.000,,11.200,22,11,19,,
T,2019-04-06 03:33:48,30.37334800,78.07778944,11,777.000,,11.050,18,12,20,,
T,2019-04-06 03:33:49,30.37344336,78.07782785,11,777.000,,11.120,18,12,20,,
T,2019-04-06 03:33:50,30.37354136,78.07786605,9,776.000,,11.260,19,12,20,,
T,2019-04-06 03:33:51,30.37364202,78.07788893,8,777.000,,11.610,17,13,19,,
T,2019-04-06 03:33:52,30.37373941,78.07792066,6,776.000,,11.330,14,13,19,,
T,2019-04-06 03:33:53,30.37383862,78.07793716,6,776.000,,11.660,4,13,19,,
T,2019-04-06 03:33:54,30.37395663,78.07794247,6,777.000,,11.340,358,13,20,,
T,2019-04-06 03:33:55,30.37404038,78.07790344,6,776.000,,10.870,340,14,20,,
T,2019-04-06 03:33:56,30.37412866,78.07784854,6,776.000,,11.360,326,13,19,,
T,2019-04-06 03:33:57,30.37419345,78.07779144,6,775.000,,11.100,316,13,19,,
T,2019-04-06 03:33:58,30.37426172,78.07770152,6,775.000,,10.840,300,14,19,,
T,2019-04-06 03:33:59,30.37431004,78.07760349,8,775.000,,10.840,300,14,19,,
T,2019-04-06 03:34:00,30.37429977,78.07749075,6,774.000,,10.350,275,14,19,,
T,2019-04-06 03:34:01,30.37430720,78.07738341,8,774.000,,10.350,275,11,15,,
T,2019-04-06 03:34:02,30.37427464,78.07728611,6,774.000,,11.140,255,11,15,,
T,2019-04-06 03:34:03,30.37425637,78.07718332,8,774.000,,10.030,249,13,19,,
T,2019-04-06 03:34:04,30.37422316,78.07708618,8,775.000,,10.030,249,12,19,,
T,2019-04-06 03:34:05,30.37417913,78.07699548,8,771.000,,8.420,244,12,19,,
T,2019-04-06 03:34:06,30.37414540,78.07691692,9,771.000,,8.420,244,12,19,,
T,2019-04-06 03:34:07,30.37411627,78.07686480,9,771.000,,6.980,240,12,19,,
T,2019-04-06 03:34:08,30.37407491,78.07682748,9,771.000,,6.450,234,13,20,,
T,2019-04-06 03:34:09,30.37404099,78.07677519,9,772.000,,5.980,233,14,18,,
T,2019-04-06 03:34:10,30.37400461,78.07671918,8,774.000,,5.480,241,14,18,,
T,2019-04-06 03:34:11,30.37398284,78.07666915,9,774.000,,5.040,246,14,18,,
T,2019-04-06 03:34:12,30.37397403,78.07659851,8,774.000,,4.500,253,14,18,,
T,2019-04-06 03:34:13,30.37396647,78.07656632,8,774.000,,3.530,261,14,18,,
T,2019-04-06 03:34:14,30.37396123,78.07653007,8,773.000,,3.530,261,15,19,,
T,2019-04-06 03:34:15,30.37395923,78.07647107,6,772.000,,4.510,263,13,19,,
T,2019-04-06 03:34:16,30.37396080,78.07641490,8,772.000,,5.470,271,12,17,,
T,2019-04-06 03:34:17,30.37395341,78.07635098,8,773.000,,5.110,271,12,17,,
T,2019-04-06 03:34:18,30.37396186,78.07629660,8,774.000,,5.820,279,14,19,,
T,2019-04-06 03:34:19,30.37396245,78.07622008,8,772.000,,6.470,278,14,19,,
T,2019-04-06 03:34:20,30.37398095,78.07615486,8,772.000,,6.460,289,13,18,,
T,2019-04-06 03:34:21,30.37400413,78.07608175,8,773.000,,6.860,293,13,18,,
T,2019-04-06 03:34:22,30.37402318,78.07602316,8,773.000,,6.000,292,12,18,,
T,2019-04-06 03:34:23,30.37405231,78.07597809,8,772.000,,5.460,300,12,18,,
T,2019-04-06 03:34:24,30.37407695,78.07594515,8,773.000,,5.020,307,12,18,,
T,2019-04-06 03:34:25,30.37410038,78.07593149,8,772.000,,3.470,325,12,18,,
T,2019-04-06 03:34:26,30.37413195,78.07592380,8,773.000,,3.070,357,12,18,,
T,2019-04-06 03:34:27,30.37415968,78.07592227,9,773.000,,3.070,357,12,18,,
T,2019-04-06 03:34:28,30.37421455,78.07588401,8,772.000,,4.900,340,12,18,,
T,2019-04-06 03:34:29,30.37426035,78.07586660,8,772.000,,4.870,355,13,17,,
T,2019-04-06 03:34:30,30.37430603,78.07586710,11,773.000,,4.990,358,13,18,,
T,2019-04-06 03:34:31,30.37438916,78.07588546,8,774.000,,6.310,12,13,18,,
T,2019-04-06 03:34:32,30.37444908,78.07591225,9,776.000,,6.800,15,13,17,,
T,2019-04-06 03:34:33,30.37450834,78.07593059,11,776.000,,6.800,15,13,17,,
T,2019-04-06 03:34:34,30.37459631,78.07594384,9,777.000,,7.730,9,11,16,,
T,2019-04-06 03:34:35,30.37467587,78.07596172,9,778.000,,8.360,8,11,16,,
T,2019-04-06 03:34:36,30.37473989,78.07597766,9,779.000,,8.150,8,14,19,,
T,2019-04-06 03:34:37,30.37480698,78.07599493,9,780.000,,7.600,8,14,19,,
T,2019-04-06 03:34:38,30.37486590,78.07600243,9,779.000,,7.220,0,15,18,,
T,2019-04-06 03:34:39,30.37493111,78.07600256,12,779.000,,7.220,0,15,18,,
T,2019-04-06 03:34:40,30.37504011,78.07604449,11,779.000,,8.420,10,15,18,,
T,2019-04-06 03:34:41,30.37511490,78.07605964,14,779.000,,8.410,10,13,18,,
T,2019-04-06 03:34:42,30.37520542,78.07605912,9,782.000,,8.210,2,13,18,,
T,2019-04-06 03:34:43,30.37527950,78.07606142,14,783.000,,8.210,2,13,18,,
T,2019-04-06 03:34:44,30.37537272,78.07607841,9,784.000,,7.430,5,13,18,,
T,2019-04-06 03:34:45,30.37543959,78.07608473,14,784.000,,7.430,5,13,18,,
T,2019-04-06 03:34:46,30.37555622,78.07612707,11,786.000,,9.370,10,13,17,,
T,2019-04-06 03:34:47,30.37564074,78.07611845,11,787.000,,9.910,4,12,17,,
T,2019-04-06 03:34:48,30.37573403,78.07614021,12,787.000,,10.480,7,14,18,,
T,2019-04-06 03:34:49,30.37582779,78.07615429,14,787.000,,10.480,7,14,18,,
T,2019-04-06 03:34:50,30.37596856,78.07615665,11,789.000,,10.610,9,14,18,,
T,2019-04-06 03:34:51,30.37606831,78.07617227,12,789.000,,10.350,8,13,17,,
T,2019-04-06 03:34:52,30.37617749,78.07621688,11,786.000,,10.000,20,13,18,,
T,2019-04-06 03:34:53,30.37626244,78.07625119,12,786.000,,9.990,20,13,18,,
T,2019-04-06 03:34:54,30.37636972,78.07629103,12,787.000,,10.310,20,13,18,,
T,2019-04-06 03:34:55,30.37645362,78.07634200,12,782.000,,11.280,25,13,18,,
T,2019-04-06 03:34:56,30.37653728,78.07640151,11,783.000,,11.060,25,13,17,,
T,2019-04-06 03:34:57,30.37662497,78.07643917,11,783.000,,9.730,21,14,19,,
T,2019-04-06 03:34:58,30.37671011,78.07646034,9,784.000,,10.070,20,14,19,,
T,2019-04-06 03:34:59,30.37679905,78.07648436,9,781.000,,10.880,13,11,17,,
T,2019-04-06 03:35:00,30.37689466,78.07651010,11,783.000,,10.880,13,11,17,,
T,2019-04-06 03:35:01,30.37699975,78.07654046,8,783.000,,10.510,5,11,17,,
T,2019-04-06 03:35:02,30.37709751,78.07653525,8,784.000,,10.990,356,14,18,,
T,2019-04-06 03:35:03,30.37719634,78.07652647,9,784.000,,10.990,356,12,15,,
T,2019-04-06 03:35:04,30.37729849,78.07651042,8,785.000,,11.720,351,14,19,,
T,2019-04-06 03:35:05,30.37742119,78.07647920,8,786.000,,12.330,356,14,19,,
T,2019-04-06 03:35:06,30.37753644,78.07647013,8,786.000,,12.600,355,13,18,,
T,2019-04-06 03:35:07,30.37767011,78.07647234,6,788.000,,12.010,360,13,18,,
T,2019-04-06 03:35:08,30.37777854,78.07647176,8,788.000,,12.000,360,13,18,,
T,2019-04-06 03:35:09,30.37788227,78.07646881,8,789.000,,12.000,1,10,18,,
T,2019-04-06 03:35:10,30.37800026,78.07646775,8,789.000,,12.740,358,11,19,,
T,2019-04-06 03:35:11,30.37810448,78.07646195,8,790.000,,12.860,356,10,16,,
T,2019-04-06 03:35:12,30.37822325,78.07644598,6,790.000,,13.140,356,10,16,,
T,2019-04-06 03:35:13,30.37835163,78.07643543,6,790.000,,13.520,354,12,19,,
T,2019-04-06 03:35:14,30.37846498,78.07642219,6,789.000,,13.280,354,12,18,,
T,2019-04-06 03:35:15,30.37858358,78.07641008,6,789.000,,13.180,355,11,17,,
T,2019-04-06 03:35:16,30.37870753,78.07639298,6,788.000,,13.500,351,11,17,,
T,2019-04-06 03:35:17,30.37882573,78.07637864,8,788.000,,13.310,352,11,18,,
T,2019-04-06 03:35:18,30.37895308,78.07637056,8,788.000,,13.910,348,10,18,,
T,2019-04-06 03:35:19,30.37907122,78.07632585,8,788.000,,13.990,342,12,18,,
T,2019-04-06 03:35:20,30.37919696,78.07628974,8,787.000,,14.430,338,12,19,,
T,2019-04-06 03:35:21,30.37931497,78.07622937,8,786.000,,14.360,334,12,19,,
T,2019-04-06 03:35:22,30.37942853,78.07616130,6,786.000,,14.080,333,12,19,,
T,2019-04-06 03:35:23,30.37954014,78.07609245,6,786.000,,13.630,333,12,18,,
T,2019-04-06 03:35:24,30.37965326,78.07601815,5,787.000,,13.200,331,11,18,,
T,2019-04-06 03:35:25,30.37975535,78.07595059,5,787.000,,12.770,330,11,19,,
T,2019-04-06 03:35:26,30.37985873,78.07588863,5,788.000,,11.980,330,11,18,,
T,2019-04-06 03:35:27,30.37995200,78.07583404,6,788.000,,11.550,327,11,18,,
T,2019-04-06 03:35:28,30.38004350,78.07577434,6,787.000,,11.240,327,14,19,,
T,2019-04-06 03:35:29,30.38012540,78.07570370,8,789.000,,11.380,330,12,18,,
T,2019-04-06 03:35:30,30.38021826,78.07566087,8,788.000,,11.210,333,11,18,,
T,2019-04-06 03:35:31,30.38032671,78.07559348,8,788.000,,10.880,331,11,18,,
T,2019-04-06 03:35:32,30.38040350,78.07553175,8,788.000,,10.440,329,12,19,,
T,2019-04-06 03:35:33,30.38048029,78.07547579,6,788.000,,11.030,328,12,19,,
T,2019-04-06 03:35:34,30.38056175,78.07541647,8,789.000,,10.610,327,13,19,,
T,2019-04-06 03:35:35,30.38064072,78.07533501,8,790.000,,10.780,320,12,18,,
T,2019-04-06 03:35:36,30.38071539,78.07527487,8,790.000,,10.540,322,11,18,,
T,2019-04-06 03:35:37,30.38079051,78.07521393,8,790.000,,10.720,324,10,16,,
T,2019-04-06 03:35:38,30.38086785,78.07515798,8,788.000,,11.070,330,12,18,,
T,2019-04-06 03:35:39,30.38094959,78.07510926,8,789.000,,10.830,331,12,18,,
T,2019-04-06 03:35:40,30.38104960,78.07505136,6,790.000,,11.170,337,10,16,,
T,2019-04-06 03:35:41,30.38113620,78.07500801,8,790.000,,11.010,339,10,16,,
T,2019-04-06 03:35:42,30.38122862,78.07496624,9,790.000,,11.000,339,12,17,,
T,2019-04-06 03:35:43,30.38132862,78.07497594,8,789.000,,11.170,345,12,17,,
T,2019-04-06 03:35:44,30.38142835,78.07494647,8,789.000,,11.200,347,11,17,,
T,2019-04-06 03:35:45,30.38152526,78.07491647,6,790.000,,11.050,344,11,16,,
T,2019-04-06 03:35:46,30.38163455,78.07489297,6,789.000,,11.310,345,11,16,,
T,2019-04-06 03:35:47,30.38172092,78.07485252,8,789.000,,11.790,343,11,17,,
T,2019-04-06 03:35:48,30.38181760,78.07481125,8,788.000,,11.460,341,11,17,,
T,2019-04-06 03:35:49,30.38191364,78.07478343,8,788.000,,11.850,341,11,16,,
T,2019-04-06 03:35:50,30.38201493,78.07475862,8,787.000,,11.280,348,13,18,,
T,2019-04-06 03:35:51,30.38211524,78.07474471,8,788.000,,11.330,349,13,18,,
T,2019-04-06 03:35:52,30.38221776,78.07472202,6,787.000,,11.520,346,13,18,,
T,2019-04-06 03:35:53,30.38232592,78.07469627,6,787.000,,11.900,344,12,17,,
T,2019-04-06 03:35:54,30.38243096,78.07465571,6,788.000,,11.620,343,12,17,,
T,2019-04-06 03:35:55,30.38253323,78.07462200,6,788.000,,11.740,347,14,18,,
T,2019-04-06 03:35:56,30.38263388,78.07459973,6,787.000,,11.790,351,13,18,,
T,2019-04-06 03:35:57,30.38273534,78.07458504,6,787.000,,11.830,355,13,18,,
T,2019-04-06 03:35:58,30.38283017,78.07457150,6,787.000,,11.720,354,10,15,,
T,2019-04-06 03:35:59,30.38292985,78.07456814,5,787.000,,11.580,356,10,15,,
T,2019-04-06 03:36:00,30.38303501,78.07455844,5,788.000,,11.430,360,9,16,,
T,2019-04-06 03:36:01,30.38313805,78.07455766,6,789.000,,11.420,360,11,18,,
T,2019-04-06 03:36:02,30.38322971,78.07455586,6,790.000,,10.700,359,11,16,,
T,2019-04-06 03:36:03,30.38332627,78.07455327,8,791.000,,10.700,359,11,16,,
T,2019-04-06 03:36:04,30.38342033,78.07455516,8,791.000,,10.420,1,13,17,,
T,2019-04-06 03:36:05,30.38352094,78.07454629,8,792.000,,10.280,356,13,17,,
T,2019-04-06 03:36:06,30.38360428,78.07453476,9,793.000,,9.800,355,12,16,,
T,2019-04-06 03:36:07,30.38369283,78.07452559,9,794.000,,9.650,355,13,18,,
T,2019-04-06 03:36:08,30.38377709,78.07452038,9,793.000,,9.630,355,14,18,,
T,2019-04-06 03:36:09,30.38386352,78.07451811,11,793.000,,9.580,355,14,18,,
T,2019-04-06 03:36:10,30.38395077,78.07451009,11,794.000,,9.990,355,14,18,,
T,2019-04-06 03:36:11,30.38404824,78.07449947,9,794.000,,9.640,352,14,18,,
T,2019-04-06 03:36:12,30.38412791,78.07448708,8,793.000,,9.830,353,12,17,,
T,2019-04-06 03:36:13,30.38421689,78.07446949,8,793.000,,9.980,351,12,17,,
T,2019-04-06 03:36:14,30.38431274,78.07444996,8,794.000,,10.230,351,11,16,,
T,2019-04-06 03:36:15,30.38438864,78.07443885,8,794.000,,10.400,350,11,18,,
T,2019-04-06 03:36:16,30.38448104,78.07441983,9,795.000,,10.400,350,12,17,,
T,2019-04-06 03:36:17,30.38456651,78.07440536,8,795.000,,10.180,351,12,17,,
T,2019-04-06 03:36:18,30.38465937,78.07437363,8,796.000,,10.630,349,12,18,,
T,2019-04-06 03:36:19,30.38475102,78.07436556,8,796.000,,10.390,351,13,18,,
T,2019-04-06 03:36:20,30.38484353,78.07434777,9,796.000,,10.390,351,12,16,,
T,2019-04-06 03:36:21,30.38497903,78.07430668,8,801.000,,10.410,348,12,16,,
T,2019-04-06 03:36:22,30.38506916,78.07428686,8,801.000,,11.070,352,12,17,,
T,2019-04-06 03:36:23,30.38515573,78.07426596,8,803.000,,9.250,349,13,18,,
T,2019-04-06 03:36:24,30.38525836,78.07426292,8,804.000,,10.830,350,13,18,,
T,2019-04-06 03:36:25,30.38535191,78.07422235,8,805.000,,10.870,346,12,17,,
T,2019-04-06 03:36:26,30.38545090,78.07419875,8,806.000,,11.200,349,12,17,,
T,2019-04-06 03:36:27,30.38554991,78.07417574,9,806.000,,11.190,349,10,15,,
T,2019-04-06 03:36:28,30.38565339,78.07415275,8,807.000,,11.310,350,10,15,,
T,2019-04-06 03:36:29,30.38576057,78.07412437,8,808.000,,11.490,349,12,17,,
T,2019-04-06 03:36:30,30.38586037,78.07410125,6,809.000,,11.520,348,13,17,,
T,2019-04-06 03:36:31,30.38596142,78.07407545,6,809.000,,11.180,350,11,16,,
T,2019-04-06 03:36:32,30.38606215,78.07405573,6,808.000,,11.160,353,11,16,,
T,2019-04-06 03:36:33,30.38616196,78.07404078,8,808.000,,11.150,353,11,16,,
T,2019-04-06 03:36:34,30.38625438,78.07402164,8,808.000,,11.240,354,11,16,,
T,2019-04-06 03:36:35,30.38635837,78.07401633,6,809.000,,11.490,357,12,16,,
T,2019-04-06 03:36:36,30.38647230,78.07401806,8,809.000,,11.700,359,10,16,,
T,2019-04-06 03:36:37,30.38657788,78.07401615,8,809.000,,11.700,359,12,18,,
T,2019-04-06 03:36:38,30.38666362,78.07400288,8,807.000,,11.000,355,10,15,,
T,2019-04-06 03:36:39,30.38676257,78.07399338,11,807.000,,11.000,355,10,15,,
T,2019-04-06 03:36:40,30.38686686,78.07401838,9,807.000,,11.240,2,10,15,,
T,2019-04-06 03:36:41,30.38697015,78.07402948,9,807.000,,11.210,6,6,11,,
T,2019-04-06 03:36:42,30.38707078,78.07404092,14,807.000,,11.210,6,6,11,,
T,2019-04-06 03:36:43,30.38717316,78.07405025,11,806.000,,10.350,4,14,33,,
T,2019-04-06 03:36:45,30.38738068,78.07410131,9,807.000,,10.670,8,14,33,,
T,2019-04-06 03:36:46,30.38748505,78.07409992,9,807.000,,10.820,1,21,34,,
T,2019-04-06 03:36:47,30.38759028,78.07409410,8,808.000,,10.190,358,21,34,,
T,2019-04-06 03:36:48,30.38771597,78.07411969,8,808.000,,11.670,5,24,34,,
T,2019-04-06 03:36:49,30.38782392,78.07412980,6,809.000,,12.040,5,24,34,,
T,2019-04-06 03:36:49,30.38787664,78.07413759,6,809.000,,10.780,5,7,34,,
T,2019-04-06 03:36:51,30.38802406,78.07415281,6,808.000,,10.900,6,12,34,,
T,2019-04-06 03:36:52,30.38814635,78.07418681,8,807.000,,11.250,8,12,34,,
T,2019-04-06 03:36:53,30.38825560,78.07419164,6,807.000,,11.460,6,20,34,,
T,2019-04-06 03:36:54,30.38835080,78.07418099,6,807.000,,10.040,1,20,34,,
T,2019-04-06 03:36:55,30.38844856,78.07418859,5,808.000,,10.480,4,20,35,,
T,2019-04-06 03:36:56,30.38854280,78.07418913,5,807.000,,10.500,3,26,35,,
T,2019-04-06 03:36:57,30.38863600,78.07418874,5,807.000,,9.960,1,26,35,,
T,2019-04-06 03:36:58,30.38872869,78.07419089,5,807.000,,9.930,2,26,35,,
T,2019-04-06 03:36:59,30.38885131,78.07418497,6,808.000,,11.290,359,27,35,,
T,2019-04-06 03:37:00,30.38894267,78.07421540,5,808.000,,10.050,11,28,35,,
T,2019-04-06 03:37:01,30.38903225,78.07425198,5,809.000,,10.370,23,29,36,,
T,2019-04-06 03:37:02,30.38910653,78.07429397,5,810.000,,9.510,30,29,36,,
T,2019-04-06 03:37:03,30.38918485,78.07436206,5,812.000,,10.350,33,29,36,,
T,2019-04-06 03:37:04,30.38925807,78.07444737,5,811.000,,10.520,42,29,36,,
T,2019-04-06 03:37:05,30.38933099,78.07451422,5,812.000,,10.200,39,29,36,,
T,2019-04-06 03:37:06,30.38939236,78.07456935,5,812.000,,9.820,38,29,36,,
T,2019-04-06 03:37:07,30.38947163,78.07461934,5,813.000,,9.300,32,29,36,,
T,2019-04-06 03:37:08,30.38954288,78.07465771,5,813.000,,8.390,22,29,36,,
T,2019-04-06 03:37:09,30.38963256,78.07465496,5,812.000,,9.410,4,29,36,,
T,2019-04-06 03:37:10,30.38971749,78.07461517,5,811.000,,9.650,343,29,36,,
T,2019-04-06 03:37:11,30.38979117,78.07455024,5,811.000,,10.060,327,29,36,,
T,2019-04-06 03:37:12,30.38985813,78.07447434,5,810.000,,10.300,316,29,36,,
T,2019-04-06 03:37:13,30.38992530,78.07437941,5,809.000,,11.400,311,16,21,,
T,2019-04-06 03:37:14,30.38999329,78.07427950,5,810.000,,11.130,308,11,18,,
T,2019-04-06 03:37:15,30.39004039,78.07417452,5,809.000,,11.070,301,11,18,,
T,2019-04-06 03:37:16,30.39008246,78.07407135,5,809.000,,10.600,294,13,21,,
T,2019-04-06 03:37:17,30.39010272,78.07397130,5,808.000,,9.890,283,12,20,,
T,2019-04-06 03:37:18,30.39012354,78.07385778,5,808.000,,10.740,277,12,20,,
T,2019-04-06 03:37:19,30.39013713,78.07373142,5,809.000,,10.920,278,14,21,,
T,2019-04-06 03:37:20,30.39015887,78.07362186,5,808.000,,11.190,276,14,21,,
T,2019-04-06 03:37:21,30.39016050,78.07350718,5,808.000,,11.460,276,15,20,,
T,2019-04-06 03:37:22,30.39016883,78.07338869,5,808.000,,12.040,273,14,18,,
T,2019-04-06 03:37:23,30.39017581,78.07327567,5,807.000,,11.330,272,14,18,,
T,2019-04-06 03:37:24,30.39017808,78.07315845,5,808.000,,11.090,273,14,19,,
T,2019-04-06 03:37:25,30.39018700,78.07304427,5,808.000,,11.350,280,13,17,,
T,2019-04-06 03:37:26,30.39021793,78.07294102,5,808.000,,10.930,288,12,18,,
T,2019-04-06 03:37:27,30.39025277,78.07283592,5,809.000,,10.720,293,11,17,,
T,2019-04-06 03:37:28,30.39029910,78.07273628,5,809.000,,10.760,302,11,17,,
T,2019-04-06 03:37:29,30.39036723,78.07265556,5,810.000,,11.050,314,12,17,,
T,2019-04-06 03:37:30,30.39044371,78.07257492,6,809.000,,10.900,322,10,14,,
T,2019-04-06 03:37:31,30.39052187,78.07252063,6,810.000,,10.380,333,12,18,,
T,2019-04-06 03:37:32,30.39062206,78.07247841,6,812.000,,10.980,346,12,18,,
T,2019-04-06 03:37:33,30.39071801,78.07244988,8,812.000,,10.980,346,11,17,,
T,2019-04-06 03:37:34,30.39081690,78.07245257,6,813.000,,10.940,358,11,17,,
T,2019-04-06 03:37:35,30.39089800,78.07245583,6,813.000,,9.700,1,14,18,,
T,2019-04-06 03:37:36,30.39098551,78.07245699,9,812.000,,9.700,1,13,17,,
T,2019-04-06 03:37:37,30.39109716,78.07247277,9,813.000,,11.180,4,10,16,,
T,2019-04-06 03:37:38,30.39119478,78.07246224,9,814.000,,10.430,358,14,19,,
T,2019-04-06 03:37:39,30.39128984,78.07247982,9,814.000,,10.300,5,15,19,,
T,2019-04-06 03:37:40,30.39138454,78.07248085,9,816.000,,10.850,8,15,19,,
T,2019-04-06 03:37:41,30.39148662,78.07250427,8,816.000,,10.810,12,12,16,,
T,2019-04-06 03:37:42,30.39157920,78.07253729,8,816.000,,10.930,15,14,19,,
T,2019-04-06 03:37:43,30.39166479,78.07255381,8,817.000,,11.010,12,13,16,,
T,2019-04-06 03:37:44,30.39176747,78.07257536,8,817.000,,10.570,12,13,17,,
T,2019-04-06 03:37:45,30.39187068,78.07260525,9,817.000,,10.970,15,13,17,,
T,2019-04-06 03:37:46,30.39195811,78.07262551,9,816.000,,11.210,15,12,17,,
T,2019-04-06 03:37:47,30.39207175,78.07266286,9,817.000,,11.720,16,12,17,,
T,2019-04-06 03:37:48,30.39217838,78.07269820,9,818.000,,11.710,15,14,18,,
T,2019-04-06 03:37:49,30.39228038,78.07272247,8,818.000,,11.270,14,14,18,,
T,2019-04-06 03:37:50,30.39238376,78.07275107,8,819.000,,11.570,11,15,18,,
T,2019-04-06 03:37:51,30.39248065,78.07277761,8,821.000,,11.270,15,14,19,,
T,2019-04-06 03:37:52,30.39257885,78.07280792,9,821.000,,11.270,15,14,19,,
T,2019-04-06 03:37:53,30.39266981,78.07282232,8,820.000,,9.790,16,14,18,,
T,2019-04-06 03:37:54,30.39277315,78.07285028,8,822.000,,10.860,15,14,18,,
T,2019-04-06 03:37:55,30.39286775,78.07288046,9,819.000,,10.870,15,11,15,,
T,2019-04-06 03:37:56,30.39296622,78.07288898,9,821.000,,10.290,11,11,15,,
T,2019-04-06 03:37:57,30.39305752,78.07290826,12,818.000,,10.290,11,14,19,,
T,2019-04-06 03:37:58,30.39319919,78.07296213,9,819.000,,11.010,13,14,18,,
T,2019-04-06 03:37:59,30.39327900,78.07296683,9,820.000,,11.250,10,14,18,,
T,2019-04-06 03:38:00,30.39337365,78.07298885,9,822.000,,11.000,9,8,13,,
T,2019-04-06 03:38:01,30.39347170,78.07300691,12,822.000,,11.000,9,8,13,,
T,2019-04-06 03:38:02,30.39358443,78.07303872,9,822.000,,10.580,12,14,19,,
T,2019-04-06 03:38:03,30.39367790,78.07306051,12,816.000,,10.570,12,14,19,,
T,2019-04-06 03:38:04,30.39379879,78.07305178,20,817.000,,11.250,6,14,19,,
T,2019-04-06 03:38:05,30.39389908,78.07308175,14,818.000,,9.920,8,9,12,,
T,2019-04-06 03:38:06,30.39398675,78.07306756,12,821.000,,9.040,1,17,34,,
T,2019-04-06 03:38:07,30.39409084,78.07309459,12,823.000,,9.290,7,17,34,,
T,2019-04-06 03:38:08,30.39420675,78.07315161,11,824.000,,11.130,23,17,35,,
T,2019-04-06 03:38:09,30.39428206,78.07323420,9,826.000,,10.860,34,22,35,,
T,2019-04-06 03:38:10,30.39434137,78.07332284,8,826.000,,9.450,49,23,35,,
T,2019-04-06 03:38:11,30.39439371,78.07343019,8,826.000,,10.140,56,25,36,,
T,2019-04-06 03:38:12,30.39446227,78.07354278,8,825.000,,10.660,56,28,36,,
T,2019-04-06 03:38:13,30.39451358,78.07366604,6,826.000,,11.210,60,27,36,,
T,2019-04-06 03:38:14,30.39457446,78.07376060,6,826.000,,11.330,60,26,36,,
T,2019-04-06 03:38:15,30.39462363,78.07387003,6,827.000,,11.500,58,28,36,,
T,2019-04-06 03:38:16,30.39467840,78.07398928,5,827.000,,11.550,59,28,36,,
T,2019-04-06 03:38:17,30.39473704,78.07409455,5,827.000,,11.540,58,28,36,,
T,2019-04-06 03:38:18,30.39478734,78.07420293,5,828.000,,11.190,58,28,36,,
T,2019-04-06 03:38:19,30.39484897,78.07431607,5,829.000,,12.260,60,28,36,,
T,2019-04-06 03:38:20,30.39489732,78.07441289,5,830.000,,10.810,59,28,36,,
T,2019-04-06 03:38:21,30.39495265,78.07452542,5,832.000,,12.020,57,27,35,,
T,2019-04-06 03:38:22,30.39501398,78.07464991,5,831.000,,11.830,58,14,19,,
T,2019-04-06 03:38:23,30.39507058,78.07473806,6,831.000,,11.130,57,11,18,,
T,2019-04-06 03:38:24,30.39512513,78.07483530,8,831.000,,11.130,57,11,18,,
T,2019-04-06 03:38:25,30.39518714,78.07492273,6,836.000,,11.060,56,11,18,,
T,2019-04-06 03:38:26,30.39524766,78.07502666,6,837.000,,11.320,55,13,34,,
T,2019-04-06 03:38:27,30.39531529,78.07513149,6,838.000,,11.630,55,13,34,,
T,2019-04-06 03:38:28,30.39537399,78.07524083,6,841.000,,11.380,53,14,35,,
T,2019-04-06 03:38:29,30.39543574,78.07533524,8,841.000,,11.370,53,14,20,,
T,2019-04-06 03:38:30,30.39547883,78.07543667,6,842.000,,11.480,54,14,20,,
T,2019-04-06 03:38:31,30.39555084,78.07553747,6,842.000,,11.010,51,13,19,,
T,2019-04-06 03:38:32,30.39561374,78.07562621,9,842.000,,11.010,51,10,17,,
T,2019-04-06 03:38:33,30.39567682,78.07569159,8,842.000,,10.430,48,10,17,,
T,2019-04-06 03:38:34,30.39573931,78.07577278,11,842.000,,10.430,48,11,17,,
T,2019-04-06 03:38:35,30.39578156,78.07586345,8,842.000,,11.470,53,11,19,,
T,2019-04-06 03:38:36,30.39584396,78.07595871,9,842.000,,11.470,53,11,19,,
T,2019-04-06 03:38:37,30.39591661,78.07604451,8,841.000,,11.110,49,10,16,,
T,2019-04-06 03:38:38,30.39597715,78.07612648,8,841.000,,10.690,50,10,16,,
T,2019-04-06 03:38:39,30.39603919,78.07621165,9,838.000,,10.690,50,11,18,,
T,2019-04-06 03:38:40,30.39611208,78.07631758,8,839.000,,11.480,52,11,18,,
T,2019-04-06 03:38:41,30.39620260,78.07642550,8,840.000,,11.190,50,11,18,,
T,2019-04-06 03:38:42,30.39626282,78.07652732,8,840.000,,10.840,52,15,20,,
T,2019-04-06 03:38:43,30.39631646,78.07661769,8,839.000,,10.380,52,13,18,,
T,2019-04-06 03:38:44,30.39638285,78.07670555,8,840.000,,10.940,50,13,18,,
T,2019-04-06 03:38:45,30.39644815,78.07678783,8,841.000,,10.640,48,12,17,,
T,2019-04-06 03:38:46,30.39652709,78.07686894,8,841.000,,10.960,45,12,17,,
T,2019-04-06 03:38:47,30.39659679,78.07694977,11,842.000,,10.950,45,10,16,,
T,2019-04-06 03:38:48,30.39667292,78.07706374,8,846.000,,11.050,46,10,16,,
T,2019-04-06 03:38:49,30.39675171,78.07715250,8,848.000,,11.000,43,12,19,,
T,2019-04-06 03:38:50,30.39683122,78.07723957,8,850.000,,11.200,42,10,18,,
T,2019-04-06 03:38:51,30.39690561,78.07731646,8,851.000,,11.030,41,11,18,,
T,2019-04-06 03:38:52,30.39697750,78.07737405,8,854.000,,10.700,44,12,19,,
T,2019-04-06 03:38:53,30.39704873,78.07744381,9,856.000,,10.410,39,12,19,,
T,2019-04-06 03:38:54,30.39712138,78.07751263,11,856.000,,10.420,39,10,18,,
T,2019-04-06 03:38:55,30.39716279,78.07759053,11,856.000,,8.410,49,10,15,,
T,2019-04-06 03:38:56,30.39721761,78.07766325,11,856.000,,9.430,39,10,15,,
T,2019-04-06 03:38:57,30.39728366,78.07772507,12,857.000,,9.430,39,12,19,,
T,2019-04-06 03:38:58,30.39735580,78.07779097,11,848.000,,9.980,32,12,19,,
T,2019-04-06 03:38:59,30.39743869,78.07783927,11,848.000,,10.240,29,14,18,,
T,2019-04-06 03:39:00,30.39751983,78.07788936,11,848.000,,10.270,30,15,19,,
T,2019-04-06 03:39:01,30.39760818,78.07794400,11,850.000,,9.180,29,12,15,,
T,2019-04-06 03:39:02,30.39768068,78.07799015,14,851.000,,9.180,29,12,15,,
T,2019-04-06 03:39:03,30.39778469,78.07806253,11,829.000,,10.900,31,15,20,,
T,2019-04-06 03:39:04,30.39786525,78.07809862,9,837.000,,9.960,28,16,19,,
T,2019-04-06 03:39:05,30.39794795,78.07815807,9,833.000,,10.470,28,16,19,,
T,2019-04-06 03:39:06,30.39803506,78.07819047,9,833.000,,10.250,25,13,17,,
T,2019-04-06 03:39:07,30.39811698,78.07823641,9,834.000,,9.210,26,13,17,,
T,2019-04-06 03:39:08,30.39818661,78.07827996,9,834.000,,8.420,29,15,20,,
T,2019-04-06 03:39:09,30.39824536,78.07831947,9,834.000,,7.670,26,13,17,,
T,2019-04-06 03:39:10,30.39830726,78.07836063,8,835.000,,8.290,28,12,18,,
T,2019-04-06 03:39:11,30.39838130,78.07840044,8,836.000,,7.970,29,15,20,,
T,2019-04-06 03:39:12,30.39843854,78.07844261,8,845.000,,7.190,29,14,18,,
T,2019-04-06 03:39:13,30.39850639,78.07848183,8,850.000,,8.040,28,14,18,,
T,2019-04-06 03:39:14,30.39857075,78.07852063,9,852.000,,8.040,28,13,16,,
T,2019-04-06 03:39:15,30.39863994,78.07855276,8,839.000,,8.020,27,13,16,,
T,2019-04-06 03:39:16,30.39869644,78.07858268,8,844.000,,7.360,28,15,18,,
T,2019-04-06 03:39:17,30.39875515,78.07861852,9,848.000,,7.360,28,15,18,,
T,2019-04-06 03:39:18,30.39883907,78.07865435,8,839.000,,8.750,29,13,19,,
T,2019-04-06 03:39:19,30.39892004,78.07869307,8,840.000,,8.760,28,12,17,,
T,2019-04-06 03:39:20,30.39899030,78.07874153,8,841.000,,9.250,29,12,17,,
T,2019-04-06 03:39:21,30.39905901,78.07878542,8,842.000,,8.670,28,15,19,,
T,2019-04-06 03:39:22,30.39913757,78.07882766,8,852.000,,8.040,27,15,19,,
T,2019-04-06 03:39:23,30.39920107,78.07885985,8,857.000,,7.540,27,14,18,,
T,2019-04-06 03:39:24,30.39926356,78.07890002,8,844.000,,7.870,28,13,19,,
T,2019-04-06 03:39:25,30.39932610,78.07893888,9,849.000,,7.870,28,13,19,,
T,2019-04-06 03:39:26,30.39939760,78.07897807,8,858.000,,7.490,28,12,17,,
T,2019-04-06 03:39:27,30.39946655,78.07900900,8,859.000,,8.490,23,12,17,,
T,2019-04-06 03:39:28,30.39952560,78.07902826,8,875.000,,8.710,18,12,16,,
T,2019-04-06 03:39:29,30.39960948,78.07904596,8,844.000,,9.150,13,11,17,,
T,2019-04-06 03:39:30,30.39969812,78.07905989,8,842.000,,9.280,7,11,17,,
T,2019-04-06 03:39:31,30.39978553,78.07907267,8,842.000,,9.350,3,12,18,,
T,2019-04-06 03:39:32,30.39987618,78.07908259,8,849.000,,9.390,1,12,17,,
T,2019-04-06 03:39:33,30.39997940,78.07906036,8,841.000,,9.390,356,11,17,,
T,2019-04-06 03:39:34,30.40006459,78.07905017,8,844.000,,8.460,356,10,17,,
T,2019-04-06 03:39:35,30.40014280,78.07904266,8,850.000,,7.990,354,11,17,,
T,2019-04-06 03:39:36,30.40021447,78.07903404,9,854.000,,7.990,354,11,17,,
T,2019-04-06 03:39:37,30.40028648,78.07904792,8,863.000,,7.730,357,12,16,,
T,2019-04-06 03:39:38,30.40035904,78.07904021,9,865.000,,8.110,349,12,16,,
T,2019-04-06 03:39:39,30.40044290,78.07900613,9,841.000,,7.940,344,12,17,,
T,2019-04-06 03:39:40,30.40051186,78.07898360,14,846.000,,7.940,344,13,17,,
T,2019-04-06 03:39:41,30.40056231,78.07893258,9,844.000,,7.220,329,8,14,,
T,2019-04-06 03:39:42,30.40060417,78.07891324,9,843.000,,5.470,331,12,18,,
T,2019-04-06 03:39:43,30.40064734,78.07888564,12,841.000,,5.470,331,12,18,,
T,2019-04-06 03:39:44,30.40067577,78.07889485,8,842.000,,5.740,329,13,18,,
T,2019-04-06 03:39:45,30.40071624,78.07885047,8,849.000,,5.500,318,11,16,,
T,2019-04-06 03:39:46,30.40072970,78.07883155,8,854.000,,5.130,308,13,18,,
T,2019-04-06 03:39:47,30.40078669,78.07876488,8,868.000,,6.110,317,13,18,,
T,2019-04-06 03:39:48,30.40083991,78.07869917,8,874.000,,6.520,320,13,18,,
T,2019-04-06 03:39:49,30.40090183,78.07866879,9,878.000,,5.340,328,10,16,,
T,2019-04-06 03:39:50,30.40093996,78.07863946,9,879.000,,4.750,321,11,17,,
T,2019-04-06 03:39:51,30.40098549,78.07860291,9,880.000,,4.470,315,11,17,,
T,2019-04-06 03:39:52,30.40100275,78.07856702,11,880.000,,3.680,272,11,17,,
T,2019-04-06 03:39:53,30.40101084,78.07852157,11,881.000,,4.560,275,11,17,,
T,2019-04-06 03:39:54,30.40100899,78.07846477,11,858.000,,4.430,272,12,17,,
T,2019-04-06 03:39:55,30.40101820,78.07841922,9,863.000,,4.200,279,14,18,,
T,2019-04-06 03:39:56,30.40102690,78.07835634,9,861.000,,5.590,278,11,17,,
T,2019-04-06 03:39:57,30.40103103,78.07829746,9,864.000,,5.680,276,11,17,,
T,2019-04-06 03:39:58,30.40103812,78.07821985,11,867.000,,6.330,274,12,16,,
T,2019-04-06 03:39:59,30.40103681,78.07817431,11,861.000,,5.700,275,12,16,,
T,2019-04-06 03:40:00,30.40104624,78.07810609,9,867.000,,6.280,277,13,18,,
T,2019-04-06 03:40:01,30.40105753,78.07804174,8,871.000,,6.400,277,11,16,,
T,2019-04-06 03:40:02,30.40106714,78.07797614,8,874.000,,6.750,271,10,16,,
T,2019-04-06 03:40:03,30.40105953,78.07791270,6,876.000,,6.470,254,12,17,,
T,2019-04-06 03:40:04,30.40103547,78.07785595,8,877.000,,6.580,226,12,17,,
T,2019-04-06 03:40:05,30.40097958,78.07780943,6,876.000,,7.670,210,12,17,,
T,2019-04-06 03:40:06,30.40092683,78.07776386,6,876.000,,7.760,197,14,17,,
T,2019-04-06 03:40:07,30.40085035,78.07774447,6,876.000,,8.970,193,11,16,,
T,2019-04-06 03:40:08,30.40078361,78.07771992,6,876.000,,8.440,195,11,16,,
T,2019-04-06 03:40:09,30.40070575,78.07769757,6,876.000,,8.370,194,10,16,,
T,2019-04-06 03:40:10,30.40062860,78.07766461,6,876.000,,8.870,200,11,18,,
T,2019-04-06 03:40:11,30.40055397,78.07762956,6,876.000,,9.100,204,12,17,,
T,2019-04-06 03:40:12,30.40047324,78.07756636,8,875.000,,9.480,216,10,16,,
T,2019-04-06 03:40:13,30.40040404,78.07750822,9,875.000,,9.490,216,10,16,,
T,2019-04-06 03:40:14,30.40034110,78.07744591,11,875.000,,9.580,219,10,16,,
T,2019-04-06 03:40:15,30.40026296,78.07737994,8,875.000,,9.860,216,11,19,,
T,2019-04-06 03:40:16,30.40019118,78.07731958,11,876.000,,9.850,216,11,19,,
T,2019-04-06 03:40:17,30.40013044,78.07724484,8,876.000,,9.820,224,9,17,,
T,2019-04-06 03:40:18,30.40007321,78.07716556,9,875.000,,8.610,226,9,17,,
T,2019-04-06 03:40:19,30.40001952,78.07710087,11,875.000,,8.610,226,10,18,,
T,2019-04-06 03:40:20,30.39996430,78.07703100,11,875.000,,6.370,228,12,18,,
T,2019-04-06 03:40:21,30.39993101,78.07699426,11,875.000,,5.860,236,12,19,,
T,2019-04-06 03:40:22,30.39990729,78.07693205,11,876.000,,5.170,237,10,17,,
T,2019-04-06 03:40:23,30.39988157,78.07688776,12,877.000,,5.150,237,10,17,,
T,2019-04-06 03:40:24,30.39986902,78.07686286,9,878.000,,3.250,237,10,17,,
T,2019-04-06 03:40:25,30.39983734,78.07684752,9,837.000,,3.640,202,10,18,,
T,2019-04-06 03:40:26,30.39980856,78.07684966,9,845.000,,4.170,165,10,16,,
T,2019-04-06 03:40:27,30.39977216,78.07686119,11,850.000,,4.180,165,11,17,,
T,2019-04-06 03:40:28,30.39969665,78.07691457,12,854.000,,6.750,155,11,18,,
T,2019-04-06 03:40:29,30.39964256,78.07694435,15,855.000,,6.760,154,11,18,,
T,2019-04-06 03:40:30,30.39959536,78.07697806,11,838.000,,5.750,159,11,18,,
T,2019-04-06 03:40:31,30.39955357,78.07700697,11,838.000,,5.250,144,11,18,,
T,2019-04-06 03:40:32,30.39950747,78.07702751,11,845.000,,5.010,165,10,17,,
