type,time,latitude,longitude,accuracy (m),altitude (m),geoid_height (m),speed (m/s),bearing (deg),sat_used,sat_inview,name,desc
T,2019-03-25 02:54:12,30.31022245,78.09320606,6,620.000,,0.000,,20,35,20190325-082412,GPS Logger: 20190325-082412
T,2019-03-25 02:54:13,30.31022414,78.09322033,5,624.000,,0.000,,20,35,,
T,2019-03-25 02:54:14,30.31024634,78.09315328,5,628.000,,3.310,285,20,35,,
T,2019-03-25 02:54:15,30.31025360,78.09308668,5,628.000,,3.690,289,21,35,,
T,2019-03-25 02:54:16,30.31027529,78.09302234,5,627.000,,4.370,289,21,35,,
T,2019-03-25 02:54:17,30.31029276,78.09296743,5,628.000,,5.600,288,23,32,,
T,2019-03-25 02:54:18,30.31031519,78.09292371,5,621.000,,5.900,286,23,32,,
T,2019-03-25 02:54:19,30.31032032,78.09287181,5,623.000,,5.850,286,23,32,,
T,2019-03-25 02:54:20,30.31033899,78.09282104,5,624.000,,5.860,292,23,32,,
T,2019-03-25 02:54:21,30.31035607,78.09275538,5,624.000,,6.070,289,24,32,,
T,2019-03-25 02:54:22,30.31037127,78.09268827,6,625.000,,6.230,288,24,32,,
T,2019-03-25 02:54:23,30.31038286,78.09262666,6,625.000,,6.470,285,24,32,,
T,2019-03-25 02:54:24,30.31039189,78.09255410,8,625.000,,6.930,283,24,32,,
T,2019-03-25 02:54:25,30.31038938,78.09245302,6,625.000,,7.420,284,24,32,,
T,2019-03-25 02:54:26,30.31043240,78.09236160,6,626.000,,7.730,291,24,32,,
T,2019-03-25 02:54:27,30.31043316,78.09227630,6,623.000,,7.930,293,24,32,,
T,2019-03-25 02:54:28,30.31047789,78.09219736,8,623.000,,8.190,297,24,32,,
T,2019-03-25 02:54:29,30.31055050,78.09213875,8,624.000,,8.250,305,24,32,,
T,2019-03-25 02:54:30,30.31059579,78.09205679,8,623.000,,8.480,304,24,32,,
T,2019-03-25 02:54:31,30.31065543,78.09198634,6,623.000,,8.600,306,23,32,,
T,2019-03-25 02:54:32,30.31071746,78.09191890,6,624.000,,8.760,307,23,32,,
T,2019-03-25 02:54:33,30.31075479,78.09182294,6,621.000,,8.870,306,23,32,,
T,2019-03-25 02:54:34,30.31081215,78.09174623,6,620.000,,9.280,308,24,32,,
T,2019-03-25 02:54:35,30.31086154,78.09166338,5,619.000,,9.300,307,23,32,,
T,2019-03-25 02:54:36,30.31091085,78.09159422,5,617.000,,9.430,305,23,32,,
T,2019-03-25 02:54:37,30.31096127,78.09151676,5,617.000,,9.230,304,23,32,,
T,2019-03-25 02:54:38,30.31101134,78.09143797,6,617.000,,9.260,304,23,32,,
T,2019-03-25 02:54:39,30.31105786,78.09135986,6,617.000,,8.990,304,23,32,,
T,2019-03-25 02:54:40,30.31110665,78.09128266,6,617.000,,8.950,302,24,32,,
T,2019-03-25 02:54:41,30.31114706,78.09121052,6,619.000,,8.150,299,25,32,,
T,2019-03-25 02:54:42,30.31120167,78.09113552,5,621.000,,8.570,300,25,32,,
T,2019-03-25 02:54:43,30.31124446,78.09107435,6,621.000,,8.270,301,25,32,,
T,2019-03-25 02:54:44,30.31128460,78.09101458,6,620.000,,7.820,304,25,32,,
T,2019-03-25 02:54:45,30.31133280,78.09093128,6,620.000,,7.800,302,25,32,,
T,2019-03-25 02:54:46,30.31137208,78.09086153,5,621.000,,7.400,301,25,32,,
T,2019-03-25 02:54:47,30.31141874,78.09079518,6,621.000,,7.480,302,25,32,,
T,2019-03-25 02:54:48,30.31144174,78.09073114,6,619.000,,6.990,301,25,32,,
T,2019-03-25 02:54:49,30.31147345,78.09069462,6,620.000,,6.070,304,25,32,,
T,2019-03-25 02:54:50,30.31152342,78.09062954,5,621.000,,6.830,306,25,32,,
T,2019-03-25 02:54:51,30.31155986,78.09056156,5,621.000,,7.610,306,25,32,,
T,2019-03-25 02:54:52,30.31159844,78.09048769,5,621.000,,7.590,307,24,32,,
T,2019-03-25 02:54:53,30.31162644,78.09043587,5,622.000,,6.600,304,24,32,,
T,2019-03-25 02:54:54,30.31165618,78.09036133,6,621.000,,6.870,304,24,32,,
T,2019-03-25 02:54:55,30.31170143,78.09029811,8,620.000,,7.030,303,24,32,,
T,2019-03-25 02:54:56,30.31173720,78.09024302,6,620.000,,7.000,301,24,32,,
T,2019-03-25 02:54:57,30.31176852,78.09015183,6,620.000,,7.430,298,24,32,,
T,2019-03-25 02:54:58,30.31179603,78.09007856,8,620.000,,7.600,299,24,32,,
T,2019-03-25 02:54:59,30.31182200,78.08999377,8,619.000,,7.680,298,25,32,,
T,2019-03-25 02:55:00,30.31186371,78.08992729,8,619.000,,7.660,296,25,32,,
T,2019-03-25 02:55:01,30.31189783,78.08984781,6,620.000,,7.540,293,24,32,,
T,2019-03-25 02:55:02,30.31193214,78.08978905,6,623.000,,6.960,295,24,32,,
T,2019-03-25 02:55:03,30.31196277,78.08972607,6,622.000,,7.260,295,25,32,,
T,2019-03-25 02:55:04,30.31199362,78.08964916,6,623.000,,7.820,296,24,32,,
T,2019-03-25 02:55:05,30.31202371,78.08955901,5,624.000,,8.200,297,24,32,,
T,2019-03-25 02:55:06,30.31205907,78.08948168,5,624.000,,8.080,298,24,32,,
T,2019-03-25 02:55:07,30.31210289,78.08940954,5,626.000,,8.120,300,25,32,,
T,2019-03-25 02:55:08,30.31212946,78.08934436,5,626.000,,7.910,300,25,32,,
T,2019-03-25 02:55:09,30.31216241,78.08925809,5,625.000,,8.870,298,25,32,,
T,2019-03-25 02:55:10,30.31219706,78.08917195,5,625.000,,9.030,298,24,32,,
T,2019-03-25 02:55:11,30.31223820,78.08908921,5,624.000,,9.060,297,24,32,,
T,2019-03-25 02:55:12,30.31229757,78.08899773,5,626.000,,10.160,298,24,32,,
T,2019-03-25 02:55:13,30.31233917,78.08893577,5,626.000,,8.430,297,24,32,,
T,2019-03-25 02:55:14,30.31237183,78.08885119,5,626.000,,8.450,296,24,32,,
T,2019-03-25 02:55:15,30.31239708,78.08879599,5,625.000,,7.470,298,25,32,,
T,2019-03-25 02:55:16,30.31241828,78.08875267,5,623.000,,5.680,297,25,32,,
T,2019-03-25 02:55:17,30.31244233,78.08869708,5,622.000,,5.880,296,25,32,,
T,2019-03-25 02:55:18,30.31245809,78.08864960,5,623.000,,5.220,297,25,32,,
T,2019-03-25 02:55:19,30.31247518,78.08860787,5,623.000,,4.320,298,25,32,,
T,2019-03-25 02:55:20,30.31249238,78.08857778,5,625.000,,3.610,299,25,32,,
T,2019-03-25 02:55:21,30.31251510,78.08854523,5,624.000,,3.930,298,25,32,,
T,2019-03-25 02:55:22,30.31253701,78.08850641,5,626.000,,4.100,299,25,32,,
T,2019-03-25 02:55:23,30.31254721,78.08847464,5,625.000,,4.250,300,25,32,,
T,2019-03-25 02:55:24,30.31256753,78.08843124,5,625.000,,4.490,301,25,32,,
T,2019-03-25 02:55:25,30.31259160,78.08838807,5,625.000,,4.740,302,25,32,,
T,2019-03-25 02:55:26,30.31261442,78.08833878,6,626.000,,5.350,299,25,32,,
T,2019-03-25 02:55:27,30.31263167,78.08828617,5,626.000,,5.000,298,25,32,,
T,2019-03-25 02:55:28,30.31264154,78.08824704,5,624.000,,3.850,299,25,32,,
T,2019-03-25 02:55:29,30.31266414,78.08820046,6,624.000,,4.720,298,25,32,,
T,2019-03-25 02:55:30,30.31269203,78.08814482,8,623.000,,5.240,298,24,32,,
T,2019-03-25 02:55:31,30.31271680,78.08810456,6,624.000,,5.310,299,24,32,,
T,2019-03-25 02:55:32,30.31274003,78.08803615,6,625.000,,5.180,299,24,32,,
T,2019-03-25 02:55:33,30.31276728,78.08797685,8,626.000,,5.560,299,25,32,,
T,2019-03-25 02:55:34,30.31279179,78.08791958,6,626.000,,5.790,299,25,32,,
T,2019-03-25 02:55:35,30.31281073,78.08784163,5,627.000,,6.350,299,25,32,,
T,2019-03-25 02:55:36,30.31285799,78.08777616,6,628.000,,5.790,306,25,32,,
T,2019-03-25 02:55:37,30.31289514,78.08772178,6,628.000,,6.420,307,14,31,,
T,2019-03-25 02:55:38,30.31293331,78.08766488,8,629.000,,6.780,310,14,32,,
T,2019-03-25 02:55:39,30.31297887,78.08760521,8,630.000,,6.680,312,14,32,,
T,2019-03-25 02:55:40,30.31302184,78.08750808,6,630.000,,7.700,312,13,18,,
T,2019-03-25 02:55:41,30.31305976,78.08741597,6,628.000,,8.240,312,9,15,,
T,2019-03-25 02:55:42,30.31310436,78.08735595,6,628.000,,8.570,312,10,16,,
T,2019-03-25 02:55:43,30.31316059,78.08728937,6,628.000,,8.510,312,13,32,,
T,2019-03-25 02:55:44,30.31321748,78.08721768,8,628.000,,9.080,313,14,19,,
T,2019-03-25 02:55:45,30.31327263,78.08714024,9,628.000,,9.260,312,12,17,,
T,2019-03-25 02:55:46,30.31332815,78.08706755,14,628.000,,9.280,310,12,17,,
T,2019-03-25 02:55:47,30.31337174,78.08701442,11,628.000,,8.390,307,8,32,,
T,2019-03-25 02:55:48,30.31343418,78.08695849,11,628.000,,8.510,307,8,32,,
T,2019-03-25 02:55:49,30.31348128,78.08688181,9,629.000,,7.910,307,12,32,,
T,2019-03-25 02:55:50,30.31352777,78.08681443,8,629.000,,8.680,307,13,32,,
T,2019-03-25 02:55:51,30.31359129,78.08674594,8,628.000,,8.690,307,21,32,,
T,2019-03-25 02:55:52,30.31363482,78.08668964,8,628.000,,7.730,307,22,32,,
T,2019-03-25 02:55:53,30.31368929,78.08662751,15,629.000,,8.110,308,22,32,,
T,2019-03-25 02:55:54,30.31374331,78.08655467,14,630.000,,8.230,307,22,32,,
T,2019-03-25 02:55:55,30.31380689,78.08648631,14,629.000,,8.420,306,24,32,,
T,2019-03-25 02:55:56,30.31384653,78.08642342,15,630.000,,7.740,305,24,32,,
T,2019-03-25 02:55:57,30.31389324,78.08631803,14,629.000,,8.130,305,24,32,,
T,2019-03-25 02:55:58,30.31392793,78.08620125,14,627.000,,8.790,303,24,32,,
T,2019-03-25 02:55:59,30.31398466,78.08611209,14,627.000,,9.310,303,25,32,,
T,2019-03-25 02:56:00,30.31402267,78.08603666,14,627.000,,8.760,302,25,32,,
T,2019-03-25 02:56:01,30.31406965,78.08595255,14,627.000,,8.640,303,25,32,,
T,2019-03-25 02:56:02,30.31411328,78.08586980,14,628.000,,8.590,304,25,32,,
T,2019-03-25 02:56:03,30.31415834,78.08579602,14,627.000,,8.650,304,25,32,,
T,2019-03-25 02:56:04,30.31420892,78.08571316,14,627.000,,8.630,306,26,32,,
T,2019-03-25 02:56:05,30.31425687,78.08563035,5,627.000,,9.080,306,26,32,,
T,2019-03-25 02:56:06,30.31430341,78.08555891,5,629.000,,8.930,308,25,32,,
T,2019-03-25 02:56:07,30.31434778,78.08548754,5,628.000,,8.670,309,25,32,,
T,2019-03-25 02:56:08,30.31439738,78.08541733,5,629.000,,8.400,308,25,32,,
T,2019-03-25 02:56:09,30.31443892,78.08535077,5,629.000,,7.990,309,25,32,,
T,2019-03-25 02:56:10,30.31447793,78.08528143,5,628.000,,7.560,309,25,32,,
T,2019-03-25 02:56:11,30.31452209,78.08522013,5,628.000,,7.080,309,25,32,,
T,2019-03-25 02:56:12,30.31455978,78.08516600,5,628.000,,6.650,307,25,32,,
T,2019-03-25 02:56:13,30.31459113,78.08512083,5,629.000,,5.980,309,25,32,,
T,2019-03-25 02:56:14,30.31462239,78.08507752,5,629.000,,5.370,309,25,32,,
T,2019-03-25 02:56:15,30.31464450,78.08504717,5,629.000,,4.220,308,25,32,,
T,2019-03-25 02:56:16,30.31465808,78.08500148,5,628.000,,3.550,309,25,32,,
T,2019-03-25 02:56:17,30.31466610,78.08498228,5,628.000,,2.170,311,26,32,,
T,2019-03-25 02:56:18,30.31467234,78.08496869,5,628.000,,1.230,313,26,32,,
T,2019-03-25 02:56:19,30.31467384,78.08496682,5,628.000,,0.450,313,26,32,,
T,2019-03-25 02:56:20,30.31467310,78.08496945,5,628.000,,0.000,,26,32,,
T,2019-03-25 02:56:21,30.31467114,78.08497085,5,628.000,,0.000,,25,32,,
T,2019-03-25 02:56:22,30.31467487,78.08496721,5,628.000,,0.000,,27,32,,
T,2019-03-25 02:56:23,30.31468003,78.08495300,5,628.000,,0.680,315,27,32,,
T,2019-03-25 02:56:24,30.31469100,78.08493593,5,628.000,,1.770,320,27,32,,
T,2019-03-25 02:56:25,30.31470465,78.08492340,5,628.000,,2.070,320,27,32,,
T,2019-03-25 02:56:26,30.31472363,78.08490480,5,629.000,,2.900,320,26,32,,
T,2019-03-25 02:56:27,30.31474492,78.08488639,5,629.000,,2.960,319,27,32,,
T,2019-03-25 02:56:28,30.31477178,78.08485900,5,629.000,,3.930,318,26,32,,
T,2019-03-25 02:56:29,30.31480119,78.08482693,5,629.000,,4.430,318,26,31,,
T,2019-03-25 02:56:30,30.31483145,78.08479364,5,629.000,,4.550,317,26,32,,
T,2019-03-25 02:56:31,30.31486214,78.08475685,5,629.000,,4.840,317,26,32,,
T,2019-03-25 02:56:32,30.31489335,78.08472101,5,628.000,,4.890,318,25,33,,
T,2019-03-25 02:56:33,30.31492504,78.08468404,5,629.000,,5.350,318,24,33,,
T,2019-03-25 02:56:34,30.31496080,78.08464182,5,630.000,,5.200,317,24,33,,
T,2019-03-25 02:56:35,30.31499402,78.08460185,5,630.000,,5.060,317,24,33,,
T,2019-03-25 02:56:36,30.31502382,78.08456575,5,630.000,,4.930,316,24,33,,
T,2019-03-25 02:56:37,30.31505739,78.08452813,5,631.000,,5.000,315,24,34,,
T,2019-03-25 02:56:38,30.31509229,78.08449883,5,631.000,,4.910,316,24,34,,
T,2019-03-25 02:56:39,30.31513292,78.08447374,5,632.000,,5.050,316,12,19,,
T,2019-03-25 02:56:40,30.31516409,78.08444351,5,632.000,,5.180,316,12,19,,
T,2019-03-25 02:56:41,30.31518144,78.08432960,5,629.000,,5.360,313,10,19,,
T,2019-03-25 02:56:42,30.31521461,78.08428886,5,628.000,,5.360,313,10,19,,
T,2019-03-25 02:56:43,30.31524492,78.08425032,5,629.000,,5.460,314,10,20,,
T,2019-03-25 02:56:44,30.31527912,78.08420950,5,629.000,,5.450,313,10,20,,
T,2019-03-25 02:56:45,30.31531541,78.08417036,5,630.000,,5.960,313,12,20,,
T,2019-03-25 02:56:46,30.31535268,78.08412933,5,630.000,,6.260,313,13,20,,
T,2019-03-25 02:56:47,30.31539051,78.08408078,5,630.000,,6.430,314,12,19,,
T,2019-03-25 02:56:48,30.31543630,78.08403673,5,630.000,,6.740,314,12,19,,
T,2019-03-25 02:56:49,30.31547414,78.08400089,5,630.000,,6.920,314,10,18,,
T,2019-03-25 02:56:50,30.31551895,78.08394103,5,630.000,,6.470,313,11,18,,
T,2019-03-25 02:56:51,30.31556342,78.08387187,6,629.000,,6.800,312,12,17,,
T,2019-03-25 02:56:52,30.31560545,78.08382023,6,629.000,,6.800,311,9,14,,
T,2019-03-25 02:56:53,30.31565559,78.08376197,6,630.000,,7.080,310,11,16,,
T,2019-03-25 02:56:54,30.31569749,78.08370627,8,630.000,,7.080,309,11,16,,
T,2019-03-25 02:56:55,30.31573653,78.08366533,6,629.000,,6.770,310,11,16,,
T,2019-03-25 02:56:56,30.31578970,78.08359610,8,626.000,,7.020,311,8,16,,
T,2019-03-25 02:56:57,30.31583061,78.08354011,9,626.000,,7.030,310,8,16,,
T,2019-03-25 02:56:58,30.31586236,78.08349926,8,626.000,,6.970,307,10,17,,
T,2019-03-25 02:56:59,30.31590083,78.08344857,8,630.000,,7.230,304,10,17,,
T,2019-03-25 02:57:00,30.31593898,78.08338126,8,630.000,,8.250,302,9,16,,
T,2019-03-25 02:57:01,30.31598631,78.08330474,6,629.000,,8.880,295,8,16,,
T,2019-03-25 02:57:02,30.31601840,78.08322926,6,629.000,,9.480,290,9,18,,
T,2019-03-25 02:57:03,30.31605001,78.08313770,8,628.000,,9.470,289,9,18,,
T,2019-03-25 02:57:04,30.31608546,78.08302550,6,627.000,,10.260,288,9,18,,
T,2019-03-25 02:57:05,30.31611323,78.08292086,6,630.000,,10.410,287,8,16,,
T,2019-03-25 02:57:06,30.31614269,78.08281802,8,630.000,,10.410,288,8,16,,
T,2019-03-25 02:57:07,30.31615963,78.08270492,6,630.000,,10.800,290,8,16,,
T,2019-03-25 02:57:08,30.31620103,78.08260602,6,629.000,,11.160,290,8,18,,
T,2019-03-25 02:57:09,30.31622728,78.08248082,6,629.000,,10.840,291,8,18,,
T,2019-03-25 02:57:10,30.31627445,78.08237493,8,630.000,,10.900,293,8,18,,
T,2019-03-25 02:57:11,30.31629696,78.08225979,8,629.000,,11.190,294,12,16,,
T,2019-03-25 02:57:12,30.31634731,78.08216313,9,630.000,,10.980,302,12,16,,
T,2019-03-25 02:57:13,30.31639617,78.08209145,9,628.000,,10.240,307,12,16,,
T,2019-03-25 02:57:14,30.31645214,78.08200746,12,627.000,,10.300,310,13,31,,
T,2019-03-25 02:57:15,30.31650852,78.08193199,12,626.000,,9.990,310,13,31,,
T,2019-03-25 02:57:16,30.31658344,78.08185088,14,626.000,,10.180,311,13,31,,
T,2019-03-25 02:57:17,30.31663924,78.08175030,14,625.000,,10.450,309,18,31,,
T,2019-03-25 02:57:18,30.31668544,78.08166702,12,624.000,,9.920,309,19,31,,
T,2019-03-25 02:57:19,30.31673858,78.08161230,9,624.000,,8.960,309,20,31,,
T,2019-03-25 02:57:20,30.31678711,78.08154032,11,625.000,,8.840,309,23,31,,
T,2019-03-25 02:57:21,30.31682760,78.08146980,9,625.000,,7.930,309,23,31,,
T,2019-03-25 02:57:22,30.31685123,78.08142962,9,624.000,,5.920,309,23,31,,
T,2019-03-25 02:57:23,30.31689049,78.08139243,8,624.000,,5.170,309,23,31,,
T,2019-03-25 02:57:24,30.31692230,78.08134966,9,624.000,,5.180,308,24,32,,
T,2019-03-25 02:57:25,30.31694390,78.08131434,9,624.000,,4.080,308,24,32,,
T,2019-03-25 02:57:26,30.31695435,78.08126622,8,622.000,,3.740,308,25,32,,
T,2019-03-25 02:57:27,30.31697824,78.08123707,6,624.000,,4.260,310,25,32,,
T,2019-03-25 02:57:28,30.31701313,78.08121437,6,624.000,,4.430,311,25,32,,
T,2019-03-25 02:57:29,30.31704404,78.08118528,6,624.000,,4.020,316,25,32,,
T,2019-03-25 02:57:30,30.31707429,78.08116181,6,625.000,,4.110,321,25,32,,
T,2019-03-25 02:57:31,30.31711498,78.08112809,8,626.000,,5.130,324,25,32,,
T,2019-03-25 02:57:32,30.31715291,78.08108151,6,626.000,,5.140,326,25,32,,
T,2019-03-25 02:57:33,30.31720848,78.08100135,6,628.000,,5.590,325,11,15,,
T,2019-03-25 02:57:34,30.31724964,78.08096777,8,628.000,,5.580,328,11,15,,
T,2019-03-25 02:57:35,30.31729635,78.08097046,8,628.000,,5.010,331,11,15,,
T,2019-03-25 02:57:36,30.31732412,78.08091582,6,627.000,,5.340,331,14,19,,
T,2019-03-25 02:57:37,30.31737569,78.08086640,8,629.000,,6.100,332,11,16,,
T,2019-03-25 02:57:38,30.31742394,78.08083597,9,629.000,,6.090,333,11,16,,
T,2019-03-25 02:57:39,30.31749133,78.08077627,9,628.000,,6.850,333,11,16,,
T,2019-03-25 02:57:40,30.31754795,78.08072741,8,629.000,,6.990,333,9,16,,
T,2019-03-25 02:57:41,30.31760756,78.08070159,9,627.000,,7.040,334,12,19,,
T,2019-03-25 02:57:42,30.31766701,78.08066538,9,628.000,,7.160,334,12,19,,
T,2019-03-25 02:57:43,30.31772687,78.08062606,8,629.000,,7.330,333,13,19,,
T,2019-03-25 02:57:44,30.31778512,78.08058833,8,629.000,,7.410,333,13,19,,
T,2019-03-25 02:57:45,30.31784262,78.08054840,8,629.000,,7.450,333,11,17,,
T,2019-03-25 02:57:46,30.31790254,78.08051301,9,630.000,,7.460,333,11,17,,
T,2019-03-25 02:57:47,30.31796424,78.08049511,9,631.000,,7.430,334,11,17,,
T,2019-03-25 02:57:48,30.31802182,78.08046389,9,631.000,,7.470,333,10,15,,
T,2019-03-25 02:57:49,30.31808254,78.08043017,12,631.000,,7.470,333,10,15,,
T,2019-03-25 02:57:50,30.31814871,78.08040392,9,631.000,,7.750,333,13,19,,
T,2019-03-25 02:57:51,30.31821173,78.08036866,11,632.000,,7.750,333,13,19,,
T,2019-03-25 02:57:52,30.31829081,78.08028867,9,630.000,,8.190,331,12,17,,
T,2019-03-25 02:57:53,30.31835503,78.08024524,9,631.000,,8.190,332,12,17,,
T,2019-03-25 02:57:54,30.31842415,78.08021198,8,632.000,,8.130,333,9,16,,
T,2019-03-25 02:57:55,30.31848966,78.08017371,9,632.000,,8.130,333,9,16,,
T,2019-03-25 02:57:56,30.31855018,78.08012091,9,633.000,,7.220,332,11,18,,
T,2019-03-25 02:57:57,30.31861127,78.08007949,8,633.000,,7.970,332,11,18,,
T,2019-03-25 02:57:58,30.31867950,78.08002493,8,633.000,,8.210,332,13,18,,
T,2019-03-25 02:57:59,30.31874894,78.07998611,8,633.000,,8.130,332,10,15,,
T,2019-03-25 02:58:00,30.31881593,78.07994717,8,633.000,,8.240,334,12,17,,
T,2019-03-25 02:58:01,30.31888553,78.07991516,8,634.000,,8.370,333,9,15,,
T,2019-03-25 02:58:02,30.31894098,78.07988034,8,632.000,,8.050,333,9,15,,
T,2019-03-25 02:58:03,30.31900842,78.07982964,6,633.000,,7.560,332,14,18,,
T,2019-03-25 02:58:04,30.31907157,78.07980226,8,633.000,,7.620,331,11,16,,
T,2019-03-25 02:58:05,30.31913816,78.07978237,6,634.000,,7.550,332,11,16,,
T,2019-03-25 02:58:06,30.31919788,78.07976024,6,634.000,,7.520,331,13,18,,
T,2019-03-25 02:58:07,30.31925833,78.07972756,8,634.000,,7.460,329,9,14,,
T,2019-03-25 02:58:08,30.31932154,78.07967422,8,635.000,,6.980,328,9,14,,
T,2019-03-25 02:58:09,30.31937647,78.07962714,6,635.000,,6.580,326,13,19,,
T,2019-03-25 02:58:10,30.31942572,78.07959379,5,636.000,,6.120,324,12,16,,
T,2019-03-25 02:58:11,30.31946635,78.07957276,5,634.000,,5.750,321,13,29,,
T,2019-03-25 02:58:12,30.31951446,78.07953808,5,633.000,,5.360,321,11,17,,
T,2019-03-25 02:58:13,30.31955919,78.07950171,5,634.000,,5.690,321,9,17,,
T,2019-03-25 02:58:14,30.31959841,78.07946368,5,634.000,,5.670,312,9,17,,
T,2019-03-25 02:58:15,30.31963280,78.07941115,6,634.000,,6.400,303,12,15,,
T,2019-03-25 02:58:16,30.31966291,78.07934806,5,635.000,,6.840,298,12,15,,
T,2019-03-25 02:58:17,30.31968007,78.07927251,5,635.000,,6.980,287,11,17,,
T,2019-03-25 02:58:18,30.31969584,78.07918870,5,636.000,,7.140,279,11,17,,
T,2019-03-25 02:58:19,30.31969674,78.07912602,5,636.000,,7.390,273,13,19,,
T,2019-03-25 02:58:20,30.31969786,78.07904725,5,636.000,,7.450,269,12,18,,
T,2019-03-25 02:58:21,30.31969503,78.07896127,5,636.000,,7.680,269,11,17,,
T,2019-03-25 02:58:22,30.31969130,78.07888393,5,636.000,,7.790,268,11,17,,
T,2019-03-25 02:58:23,30.31968582,78.07879415,5,636.000,,8.210,269,8,17,,
T,2019-03-25 02:58:24,30.31968456,78.07870878,5,636.000,,8.210,267,8,17,,
T,2019-03-25 02:58:25,30.31967864,78.07861875,5,635.000,,8.160,268,8,17,,
T,2019-03-25 02:58:26,30.31967045,78.07854071,5,635.000,,7.910,265,12,17,,
T,2019-03-25 02:58:27,30.31966317,78.07846110,5,635.000,,7.630,267,11,18,,
T,2019-03-25 02:58:28,30.31965730,78.07837487,5,635.000,,7.630,267,11,19,,
T,2019-03-25 02:58:29,30.31966063,78.07829197,5,636.000,,7.890,269,10,18,,
T,2019-03-25 02:58:30,30.31964546,78.07821067,5,635.000,,8.090,269,10,18,,
T,2019-03-25 02:58:31,30.31964436,78.07812658,5,635.000,,8.080,269,10,18,,
T,2019-03-25 02:58:32,30.31963781,78.07804909,5,635.000,,7.850,268,9,17,,
T,2019-03-25 02:58:33,30.31964551,78.07797492,5,635.000,,7.070,270,9,17,,
T,2019-03-25 02:58:34,30.31964580,78.07790137,5,635.000,,7.070,272,8,18,,
T,2019-03-25 02:58:35,30.31965116,78.07783851,6,635.000,,6.300,274,8,18,,
T,2019-03-25 02:58:36,30.31965571,78.07777572,6,635.000,,6.260,276,12,18,,
T,2019-03-25 02:58:37,30.31966398,78.07771126,6,635.000,,6.260,278,11,17,,
T,2019-03-25 02:58:38,30.31966595,78.07763871,6,634.000,,7.040,280,10,16,,
T,2019-03-25 02:58:39,30.31967599,78.07756643,6,634.000,,7.030,284,10,16,,
T,2019-03-25 02:58:40,30.31967180,78.07748320,6,632.000,,7.380,287,10,16,,
T,2019-03-25 02:58:41,30.31969015,78.07739528,6,631.000,,7.790,289,13,19,,
T,2019-03-25 02:58:42,30.31972164,78.07732545,6,631.000,,7.750,290,13,19,,
T,2019-03-25 02:58:43,30.31975859,78.07726125,6,631.000,,7.670,292,14,19,,
T,2019-03-25 02:58:44,30.31979546,78.07719269,5,631.000,,7.180,295,16,19,,
T,2019-03-25 02:58:45,30.31982529,78.07712657,5,631.000,,7.350,295,16,19,,
T,2019-03-25 02:58:46,30.31986580,78.07706480,5,630.000,,6.900,296,15,17,,
T,2019-03-25 02:58:47,30.31989215,78.07700798,5,630.000,,5.920,297,12,18,,
T,2019-03-25 02:58:48,30.31991786,78.07695263,5,630.000,,6.310,303,11,17,,
T,2019-03-25 02:58:49,30.31994514,78.07689976,5,629.000,,5.670,297,11,17,,
T,2019-03-25 02:58:50,30.31996899,78.07684637,5,629.000,,5.670,299,12,19,,
T,2019-03-25 02:58:51,30.31998944,78.07679354,5,629.000,,5.820,296,12,19,,
T,2019-03-25 02:58:52,30.32001395,78.07673251,5,627.000,,6.640,298,12,19,,
T,2019-03-25 02:58:53,30.32004922,78.07667231,5,627.000,,7.300,303,10,17,,
T,2019-03-25 02:58:54,30.32009179,78.07660698,5,627.000,,7.690,305,10,17,,
T,2019-03-25 02:58:55,30.32013163,78.07654159,5,627.000,,7.680,306,10,17,,
T,2019-03-25 02:58:56,30.32018765,78.07646207,5,627.000,,8.190,306,11,18,,
T,2019-03-25 02:58:57,30.32022628,78.07639145,5,627.000,,8.430,305,11,18,,
T,2019-03-25 02:58:58,30.32026850,78.07631838,5,627.000,,8.640,304,10,16,,
T,2019-03-25 02:58:59,30.32031853,78.07623469,5,625.000,,8.510,301,14,19,,
T,2019-03-25 02:59:00,30.32036418,78.07615910,6,624.000,,8.120,301,13,18,,
T,2019-03-25 02:59:01,30.32039694,78.07608923,6,624.000,,7.680,299,11,17,,
T,2019-03-25 02:59:02,30.32042735,78.07601952,6,623.000,,7.360,299,10,17,,
T,2019-03-25 02:59:03,30.32045955,78.07595421,6,623.000,,7.180,296,10,19,,
T,2019-03-25 02:59:04,30.32048450,78.07589283,6,623.000,,6.780,297,13,18,,
T,2019-03-25 02:59:05,30.32050149,78.07583555,5,623.000,,6.730,297,11,17,,
T,2019-03-25 02:59:06,30.32052278,78.07577132,5,622.000,,6.620,296,13,30,,
T,2019-03-25 02:59:07,30.32054879,78.07571907,5,623.000,,6.210,297,13,29,,
T,2019-03-25 02:59:08,30.32058220,78.07567107,5,623.000,,5.670,298,16,30,,
T,2019-03-25 02:59:09,30.32061299,78.07562495,5,624.000,,5.340,297,16,30,,
T,2019-03-25 02:59:10,30.32064024,78.07557443,5,626.000,,4.990,297,17,31,,
T,2019-03-25 02:59:11,30.32065509,78.07552849,5,626.000,,4.900,296,23,31,,
T,2019-03-25 02:59:12,30.32066807,78.07548060,5,626.000,,5.020,295,25,31,,
T,2019-03-25 02:59:13,30.32068826,78.07544008,5,627.000,,4.990,295,26,31,,
T,2019-03-25 02:59:14,30.32070249,78.07539361,5,627.000,,4.800,295,26,31,,
T,2019-03-25 02:59:15,30.32071656,78.07535421,5,627.000,,4.330,296,26,31,,
T,2019-03-25 02:59:16,30.32073290,78.07531730,5,627.000,,4.060,298,26,31,,
T,2019-03-25 02:59:17,30.32075013,78.07527958,5,628.000,,4.190,298,26,31,,
T,2019-03-25 02:59:18,30.32076730,78.07523040,5,629.000,,4.580,297,26,31,,
T,2019-03-25 02:59:19,30.32078683,78.07517725,5,629.000,,5.090,296,26,31,,
T,2019-03-25 02:59:20,30.32080473,78.07512396,5,629.000,,5.450,295,26,31,,
T,2019-03-25 02:59:21,30.32082551,78.07507342,5,628.000,,6.140,294,26,31,,
T,2019-03-25 02:59:22,30.32084723,78.07501250,5,629.000,,6.200,293,26,31,,
T,2019-03-25 02:59:23,30.32087729,78.07495757,5,629.000,,6.050,294,26,31,,
T,2019-03-25 02:59:24,30.32090331,78.07490508,5,629.000,,6.210,294,26,31,,
T,2019-03-25 02:59:25,30.32092760,78.07484671,5,629.000,,6.130,295,26,31,,
T,2019-03-25 02:59:26,30.32094834,78.07478410,5,628.000,,6.240,294,26,31,,
T,2019-03-25 02:59:27,30.32097100,78.07472420,5,628.000,,6.170,293,26,31,,
T,2019-03-25 02:59:28,30.32098607,78.07466175,5,628.000,,6.180,292,26,32,,
T,2019-03-25 02:59:29,30.32099972,78.07460360,5,627.000,,6.090,290,26,32,,
T,2019-03-25 02:59:30,30.32101258,78.07454459,5,627.000,,5.670,290,26,32,,
T,2019-03-25 02:59:31,30.32102449,78.07449022,5,627.000,,5.330,291,26,33,,
T,2019-03-25 02:59:32,30.32102797,78.07443467,5,626.000,,4.970,293,26,33,,
T,2019-03-25 02:59:33,30.32104511,78.07438673,5,627.000,,4.770,294,26,33,,
T,2019-03-25 02:59:34,30.32106391,78.07433199,5,627.000,,5.380,294,26,33,,
T,2019-03-25 02:59:35,30.32107705,78.07427266,5,626.000,,6.030,293,26,33,,
T,2019-03-25 02:59:36,30.32109865,78.07421051,5,626.000,,6.520,292,26,33,,
T,2019-03-25 02:59:37,30.32112167,78.07414391,5,626.000,,6.890,292,26,33,,
T,2019-03-25 02:59:38,30.32114365,78.07408228,5,627.000,,6.320,293,26,33,,
T,2019-03-25 02:59:39,30.32116604,78.07402343,5,626.000,,5.980,293,14,19,,
T,2019-03-25 02:59:40,30.32118938,78.07398925,5,626.000,,3.900,289,16,32,,
T,2019-03-25 02:59:41,30.32120095,78.07396523,5,625.000,,1.910,290,14,20,,
T,2019-03-25 02:59:42,30.32119990,78.07395666,5,625.000,,0.720,291,10,20,,
T,2019-03-25 02:59:43,30.32119579,78.07395023,5,626.000,,0.000,,10,19,,
T,2019-03-25 02:59:44,30.32119623,78.07394657,5,626.000,,0.000,,10,19,,
T,2019-03-25 02:59:45,30.32119623,78.07394656,5,625.000,,0.000,,11,20,,
T,2019-03-25 02:59:46,30.32119351,78.07394595,6,626.000,,0.000,,10,18,,
T,2019-03-25 02:59:47,30.32119066,78.07394543,6,626.000,,0.000,,10,18,,
T,2019-03-25 02:59:48,30.32119101,78.07394621,6,626.000,,0.000,,11,20,,
T,2019-03-25 02:59:49,30.32118853,78.07394693,6,626.000,,0.000,,11,20,,
T,2019-03-25 02:59:50,30.32119104,78.07394829,6,626.000,,0.000,,11,18,,
T,2019-03-25 02:59:51,30.32119104,78.07394828,6,626.000,,0.000,,11,18,,
T,2019-03-25 02:59:52,30.32119891,78.07393772,6,627.000,,1.780,295,10,18,,
T,2019-03-25 02:59:53,30.32121811,78.07392163,6,627.000,,2.470,298,9,19,,
T,2019-03-25 02:59:54,30.32121371,78.07389505,6,625.000,,3.300,298,9,19,,
T,2019-03-25 02:59:55,30.32122898,78.07385992,6,625.000,,4.260,299,10,19,,
T,2019-03-25 02:59:56,30.32124789,78.07380949,6,626.000,,4.990,299,14,19,,
T,2019-03-25 02:59:57,30.32127082,78.07375672,6,625.000,,5.490,301,12,18,,
T,2019-03-25 02:59:58,30.32130483,78.07371048,6,626.000,,6.020,301,11,18,,
T,2019-03-25 02:59:59,30.32133690,78.07365251,6,625.000,,6.570,302,11,18,,
T,2019-03-25 03:00:00,30.32137091,78.07358724,6,624.000,,6.650,298,12,18,,
T,2019-03-25 03:00:01,30.32139847,78.07352583,8,624.000,,6.640,293,12,18,,
T,2019-03-25 03:00:02,30.32140692,78.07343322,8,624.000,,7.250,285,12,18,,
T,2019-03-25 03:00:03,30.32141904,78.07335723,8,624.000,,7.590,276,12,18,,
T,2019-03-25 03:00:04,30.32142975,78.07327343,8,624.000,,7.840,267,12,18,,
T,2019-03-25 03:00:05,30.32141251,78.07320170,9,623.000,,7.330,260,10,18,,
T,2019-03-25 03:00:06,30.32140078,78.07312675,11,623.000,,7.320,256,10,18,,
T,2019-03-25 03:00:07,30.32136616,78.07302986,8,621.000,,7.840,251,10,19,,
T,2019-03-25 03:00:08,30.32134157,78.07295015,9,621.000,,7.910,247,11,17,,
T,2019-03-25 03:00:09,30.32131610,78.07287362,11,621.000,,7.890,247,11,17,,
T,2019-03-25 03:00:10,30.32129646,78.07279283,8,620.000,,8.290,243,11,17,,
T,2019-03-25 03:00:11,30.32125374,78.07271571,9,620.000,,8.590,244,8,16,,
T,2019-03-25 03:00:12,30.32122214,78.07263490,11,620.000,,8.570,247,5,16,,
T,2019-03-25 03:00:13,30.32119705,78.07256260,12,619.000,,8.140,250,8,29,,
T,2019-03-25 03:00:14,30.32118632,78.07249274,11,619.000,,7.590,256,8,29,,
T,2019-03-25 03:00:15,30.32116586,78.07239631,8,618.000,,8.220,265,11,31,,
T,2019-03-25 03:00:16,30.32118924,78.07230224,8,618.000,,8.020,278,15,31,,
T,2019-03-25 03:00:17,30.32121483,78.07223247,6,621.000,,8.050,286,20,32,,
T,2019-03-25 03:00:18,30.32124422,78.07215121,6,620.000,,8.780,293,10,17,,
T,2019-03-25 03:00:19,30.32127933,78.07206745,8,622.000,,9.070,297,10,17,,
T,2019-03-25 03:00:20,30.32132209,78.07198813,6,621.000,,9.230,300,12,19,,
T,2019-03-25 03:00:21,30.32136608,78.07190145,6,621.000,,9.540,302,13,18,,
T,2019-03-25 03:00:22,30.32141429,78.07182174,6,620.000,,9.550,304,11,17,,
T,2019-03-25 03:00:23,30.32145691,78.07174632,6,620.000,,9.150,306,10,18,,
T,2019-03-25 03:00:24,30.32150454,78.07168165,6,621.000,,8.600,309,14,32,,
T,2019-03-25 03:00:25,30.32155376,78.07161648,5,621.000,,8.520,312,14,32,,
T,2019-03-25 03:00:26,30.32160189,78.07156549,5,622.000,,8.070,314,17,32,,
T,2019-03-25 03:00:27,30.32165372,78.07149383,5,622.000,,8.120,315,17,32,,
T,2019-03-25 03:00:28,30.32170701,78.07143725,5,622.000,,8.220,317,17,32,,
T,2019-03-25 03:00:29,30.32175984,78.07138084,5,622.000,,8.180,319,16,32,,
T,2019-03-25 03:00:30,30.32182239,78.07133652,5,623.000,,8.030,320,22,32,,
T,2019-03-25 03:00:31,30.32187848,78.07128149,5,623.000,,8.130,319,23,32,,
T,2019-03-25 03:00:32,30.32192761,78.07119555,5,665.000,,8.110,320,26,32,,
T,2019-03-25 03:00:33,30.32198793,78.07114228,5,662.000,,7.740,320,26,32,,
T,2019-03-25 03:00:34,30.32204042,78.07109760,5,660.000,,7.610,319,26,32,,
T,2019-03-25 03:00:35,30.32209227,78.07104643,5,660.000,,7.810,319,26,32,,
T,2019-03-25 03:00:36,30.32214447,78.07099141,5,660.000,,8.150,319,26,32,,
T,2019-03-25 03:00:37,30.32219964,78.07093447,5,659.000,,8.250,319,26,32,,
T,2019-03-25 03:00:38,30.32225752,78.07088190,5,659.000,,8.060,320,26,32,,
T,2019-03-25 03:00:39,30.32230921,78.07083710,5,658.000,,7.510,321,26,32,,
T,2019-03-25 03:00:40,30.32235905,78.07078879,5,657.000,,7.000,319,26,32,,
T,2019-03-25 03:00:41,30.32240215,78.07074614,5,656.000,,6.260,318,26,32,,
